1025 3 -2 21.967 5.75307 27.4086 

1025 3 -2 21.2901 3.95814 27.4087 

1025 3 -2 20.6133 2.16329 27.4085 

1025 3 -2 19.9364 0.36832 27.4086 

1025 3 -2 19.2595 6.12129 27.4085 

1025 3 -2 18.5826 4.32647 27.4084 

1025 3 -2 17.9057 2.53163 27.4087 

1025 3 -2 17.2288 0.73661 27.4086 

1025 3 -2 16.5518 6.48959 27.4084 

1025 3 -2 15.875 4.69479 27.4086 

1025 3 -2 15.1981 2.89991 27.4086 

1025 3 -2 22.0691 1.10488 27.4086 

1025 3 -2 21.3922 6.85791 27.4084 

1025 3 -2 20.7153 5.06299 27.4086 

1025 3 -2 20.0385 3.26812 27.4086 

1025 3 -2 19.3616 1.47323 27.4087 

1025 3 -2 18.6847 7.22615 27.4086 

1025 3 -2 18.0078 5.43124 27.4084 

1025 3 -2 17.3309 3.63646 27.4085 

1025 3 -2 16.654 1.84154 27.4086 

1025 3 -2 15.9771 0.0464778 27.4086 

1025 3 -2 15.3002 5.7996 27.4084 

1025 3 -2 22.1712 4.00464 27.4087 

1025 3 -2 21.4943 2.20975 27.4085 

1025 3 -2 20.8175 0.414817 27.4086 

1025 3 -2 20.1406 6.1678 27.4085 

1025 3 -2 19.4637 4.37293 27.4085 

1025 3 -2 18.7868 2.57811 27.4086 

1025 3 -2 18.11 0.783087 27.4087 

1025 3 -2 17.433 6.53604 27.4086 

1025 3 -2 16.7561 4.74125 27.4085 

1025 3 -2 16.0793 2.9464 27.4085 

1025 3 -2 15.4023 1.15139 27.4085 

1025 3 -2 22.2733 6.90442 27.4085 

1025 3 -2 21.5964 5.10949 27.4086 

1025 3 -2 20.9196 3.31459 27.4087 

1025 3 -2 20.2427 1.5197 27.4086 

1025 3 -2 19.5658 7.27264 27.4086 

1025 3 -2 18.8889 5.47773 27.4085 

1025 3 -2 18.212 3.68294 27.4084 

1025 3 -2 17.5352 1.88803 27.4087 

1025 3 -2 16.8583 0.0929689 27.4086 

1025 3 -2 16.1813 5.84604 27.4085 

1025 3 -2 15.5045 4.05124 27.4086 

1025 3 -2 22.3754 2.25621 27.4086 

1025 3 -2 21.6986 0.461286 27.4086 

1025 3 -2 21.0217 6.21431 27.4085 

1025 3 -2 20.3448 4.4194 27.4086 

1025 3 -2 19.668 2.62458 27.4086 

1025 3 -2 18.9911 0.829586 27.4087 

1025 3 -2 18.3141 6.58252 27.4086 

1025 3 -2 17.6372 4.78769 27.4084 

1025 3 -2 16.9604 2.99289 27.4085 

1025 3 -2 16.2835 1.1979 27.4085 

1025 3 -2 15.6065 6.95084 27.4084 

1025 3 -2 22.4775 5.15598 27.4086 

1025 3 -2 21.8006 3.36103 27.4087 

1025 3 -2 21.1238 1.56618 27.4085 

1025 3 -2 20.447 7.31914 27.4085 

1025 3 -2 19.77 5.52421 27.4085 

1025 3 -2 19.0932 3.72937 27.4085 

1025 3 -2 18.4163 1.93452 27.4087 

1025 3 -2 17.7394 0.139453 27.4087 

1025 3 -2 17.0624 5.89248 27.4085 

1025 3 -2 16.3856 4.0977 27.4086 

1025 3 -2 15.7087 2.3028 27.4085 

1025 3 -2 22.5797 0.507748 27.4086 

1025 3 -2 21.9028 6.26083 27.4085 

1025 3 -2 21.2259 4.46591 27.4087 

1025 3 -2 20.5491 2.67101 27.4086 

1025 3 -2 19.8722 0.876078 27.4086 

1025 3 -2 19.1953 6.62903 27.4086 

1025 3 -2 18.5184 4.83416 27.4084 

1025 3 -2 17.8415 3.03938 27.4086 

1025 3 -2 17.1646 1.24438 27.4086 

1025 3 -2 16.4876 6.99732 27.4084 

1025 3 -2 15.8108 5.20251 27.4085 

1025 3 -2 15.1339 3.40765 27.4086 

1025 3 -2 22.0049 1.61264 27.4086 

1025 3 -2 21.328 7.36565 27.4085 

1025 3 -2 20.6511 5.57073 27.4085 

1025 3 -2 19.9743 3.77584 27.4086 

1025 3 -2 19.2974 1.98097 27.4087 

1025 3 -2 18.6205 0.185964 27.4087 

1025 3 -2 17.9436 5.93895 27.4085 

1025 3 -2 17.2667 4.14417 27.4085 

1025 3 -2 16.5899 2.34929 27.4086 

1025 3 -2 15.9129 0.554253 27.4086 

1025 3 -2 15.236 6.3073 27.4084 

1025 3 -2 22.107 4.51238 27.4087 

1025 3 -2 21.4301 2.71748 27.4086 

1025 3 -2 20.7533 0.922576 27.4085 

1025 3 -2 20.0764 6.67554 27.4085 

1025 3 -2 19.3995 4.88065 27.4084 

1025 3 -2 18.7226 3.08584 27.4086 

1025 3 -2 18.0457 1.29088 27.4087 

1025 3 -2 17.3688 7.04378 27.4086 

1025 3 -2 16.6919 5.24896 27.4085 

1025 3 -2 16.0151 3.45414 27.4086 

1025 3 -2 15.3382 1.65918 27.4085 

1025 3 -2 22.2091 7.41215 27.4085 

1025 3 -2 21.5322 5.61723 27.4086 

1025 3 -2 20.8553 3.82231 27.4087 

1025 3 -2 20.1785 2.02747 27.4086 

1025 3 -2 19.5017 0.232449 27.4087 

1025 3 -2 18.8247 5.98543 27.4085 

1025 3 -2 18.1478 4.19063 27.4084 

1025 3 -2 17.471 2.39579 27.4086 

1025 3 -2 16.7941 0.60075 27.4086 

1025 3 -2 16.1171 6.35376 27.4084 

1025 3 -2 15.4403 4.55895 27.4086 

1025 3 -2 22.3112 2.76393 27.4086 

1025 3 -2 21.6344 0.969044 27.4085 

1025 3 -2 20.9575 6.72205 27.4085 

1025 3 -2 20.2806 4.92715 27.4086 

1025 3 -2 19.6037 3.13229 27.4085 

1025 3 -2 18.9269 1.33736 27.4087 

1025 3 -2 18.2499 7.09027 27.4086 

1025 3 -2 17.573 5.29541 27.4084 

1025 3 -2 16.8962 3.50062 27.4085 

1025 3 -2 16.2193 1.70567 27.4085 

1025 3 -2 15.5423 7.45857 27.4084 

1025 3 -2 22.4133 5.66373 27.4086 

1025 3 -2 21.7365 3.86877 27.4087 

1025 3 -2 21.0596 2.07393 27.4085 

1025 3 -2 20.3828 0.278959 27.4086 

1025 3 -2 19.7059 6.03196 27.4085 

1025 3 -2 19.0289 4.2371 27.4084 

1025 3 -2 18.3521 2.44228 27.4087 

1025 3 -2 17.6752 0.647239 27.4087 

1025 3 -2 16.9982 6.40021 27.4085 

1025 3 -2 16.3214 4.60544 27.4086 

1025 3 -2 15.6445 2.81057 27.4086 

1025 3 -2 22.5155 1.0155 27.4086 

1025 3 -2 21.8386 6.76856 27.4085 

1025 3 -2 21.1617 4.97364 27.4086 

1025 3 -2 20.4848 3.17874 27.4086 

1025 3 -2 19.808 1.38386 27.4086 

1025 3 -2 19.1311 7.1368 27.4086 

1025 3 -2 18.4542 5.34187 27.4084 

1025 3 -2 17.7773 3.54709 27.4085 

1025 3 -2 17.1004 1.75216 27.4086 

1025 3 -2 16.4234 7.50505 27.4085 

1025 3 -2 15.7466 5.71023 27.4085 

1025 3 -2 22.6175 3.91526 27.4086 

1025 3 -2 21.9407 2.12037 27.4085 

1025 3 -2 21.2639 0.325447 27.4086 

1025 3 -2 20.587 6.07845 27.4085 

1025 3 -2 19.91 4.28356 27.4085 

1025 3 -2 19.2332 2.48873 27.4086 

1025 3 -2 18.5564 0.69373 27.4087 

1025 3 -2 17.8794 6.44667 27.4086 

1025 3 -2 17.2025 4.65188 27.4084 

1025 3 -2 16.5256 2.85704 27.4086 

1025 3 -2 15.8487 1.06204 27.4086 

1025 3 -2 15.1718 6.81503 27.4084 

1025 3 -2 22.0428 5.02012 27.4087 

1025 3 -2 21.3659 3.22521 27.4087 

1025 3 -2 20.6891 1.43032 27.4085 

1025 3 -2 20.0122 7.18328 27.4085 

1025 3 -2 19.3353 5.38837 27.4085 

1025 3 -2 18.6584 3.59357 27.4085 

1025 3 -2 17.9816 1.79866 27.4087 

1025 3 -2 17.3047 0.00360812 27.4087 

1025 3 -2 16.6277 5.75666 27.4085 

1025 3 -2 15.9509 3.96187 27.4086 

1025 3 -2 15.274 2.16695 27.4085 

1025 3 -2 22.145 0.371899 27.4086 

1025 3 -2 21.468 6.12496 27.4085 

1025 3 -2 20.7912 4.33004 27.4087 

1025 3 -2 20.1143 2.53519 27.4086 

1025 3 -2 19.4375 0.740228 27.4087 

1025 3 -2 18.7605 6.49317 27.4086 

1025 3 -2 18.0836 4.69834 27.4084 

1025 3 -2 17.4068 2.90354 27.4086 

1025 3 -2 16.7299 1.10852 27.4086 

1025 3 -2 16.0529 6.86148 27.4084 

1025 3 -2 15.3761 5.06667 27.4086 

1025 3 -2 22.247 3.27168 27.4087 

1025 3 -2 21.5702 1.47678 27.4085 

1025 3 -2 20.8933 7.22981 27.4085 

1025 3 -2 20.2164 5.43487 27.4086 

1025 3 -2 19.5395 3.64 27.4085 

1025 3 -2 18.8627 1.84515 27.4087 

1025 3 -2 18.1858 0.0500963 27.4087 

1025 3 -2 17.5088 5.80312 27.4085 

1025 3 -2 16.832 4.00833 27.4085 

1025 3 -2 16.1551 2.21345 27.4085 

1025 3 -2 15.4782 0.418388 27.4086 

1025 3 -2 22.3491 6.17147 27.4086 

1025 3 -2 21.6723 4.37653 27.4087 

1025 3 -2 20.9954 2.58165 27.4085 

1025 3 -2 20.3186 0.786724 27.4086 

1025 3 -2 19.6417 6.53968 27.4085 

1025 3 -2 18.9648 4.74481 27.4084 

1025 3 -2 18.2879 2.95001 27.4086 

1025 3 -2 17.611 1.15502 27.4087 

1025 3 -2 16.934 6.90795 27.4085 

1025 3 -2 16.2572 5.11314 27.4085 

1025 3 -2 15.5803 3.31829 27.4086 

1025 3 -2 22.4513 1.52325 27.4086 

1025 3 -2 21.7744 7.2763 27.4085 

1025 3 -2 21.0975 5.48137 27.4086 

1025 3 -2 20.4206 3.68648 27.4086 

1025 3 -2 19.7438 1.8916 27.4086 

1025 3 -2 19.067 0.0966088 27.4087 

1025 3 -2 18.39 5.84959 27.4085 

1025 3 -2 17.7131 4.0548 27.4084 

1025 3 -2 17.0362 2.25994 27.4086 

1025 3 -2 16.3593 0.464882 27.4086 

1025 3 -2 15.6824 6.21793 27.4084 

1025 3 -2 22.5534 4.42301 27.4086 

1025 3 -2 21.8765 2.62811 27.4086 

1025 3 -2 21.1997 0.833206 27.4085 

1025 3 -2 20.5228 6.58619 27.4085 

1025 3 -2 19.8459 4.7913 27.4085 

1025 3 -2 19.169 2.99647 27.4086 

1025 3 -2 18.4922 1.20151 27.4088 

1025 3 -2 17.8152 6.95442 27.4086 

1025 3 -2 17.1383 5.15959 27.4085 

1025 3 -2 16.4615 3.36478 27.4086 

1025 3 -2 15.7845 1.56981 27.4085 

1025 3 -2 15.1076 7.32274 27.4083 

1025 3 -2 21.9786 5.52787 27.4086 

1025 3 -2 21.3018 3.73293 27.4087 

1025 3 -2 20.6249 1.93808 27.4085 

1025 3 -2 19.9481 0.143104 27.4086 

1025 3 -2 19.2711 5.89608 27.4085 

1025 3 -2 18.5942 4.10126 27.4084 

1025 3 -2 17.9174 2.30641 27.4087 

1025 3 -2 17.2405 0.511384 27.4087 

1025 3 -2 16.5635 6.26439 27.4084 

1025 3 -2 15.8867 4.46958 27.4086 

1025 3 -2 15.2098 2.67469 27.4086 

1025 3 -2 22.0808 0.879661 27.4085 

1025 3 -2 21.4039 6.6327 27.4084 

1025 3 -2 20.727 4.83779 27.4086 

1025 3 -2 20.0501 3.04292 27.4086 

1025 3 -2 19.3733 1.248 27.4087 

1025 3 -2 18.6963 7.00092 27.4086 

1025 3 -2 18.0194 5.20604 27.4084 

1025 3 -2 17.3426 3.41126 27.4085 

1025 3 -2 16.6657 1.6163 27.4086 

1025 3 -2 15.9887 7.36921 27.4084 

1025 3 -2 15.3119 5.57438 27.4085 

1025 3 -2 22.1828 3.77942 27.4087 

1025 3 -2 21.506 1.98454 27.4085 

1025 3 -2 20.8292 0.189591 27.4086 

1025 3 -2 20.1523 5.94261 27.4085 

1025 3 -2 19.4753 4.14774 27.4085 

1025 3 -2 18.7985 2.35291 27.4087 

1025 3 -2 18.1216 0.557872 27.4087 

1025 3 -2 17.4446 6.31084 27.4085 

1025 3 -2 16.7678 4.51606 27.4085 

1025 3 -2 16.0909 2.7212 27.4085 

1025 3 -2 15.414 0.926174 27.4085 

1025 3 -2 22.285 6.67921 27.4086 

1025 3 -2 21.6081 4.88429 27.4087 

1025 3 -2 20.9312 3.08937 27.4086 

1025 3 -2 20.2544 1.2945 27.4086 

1025 3 -2 19.5775 7.04743 27.4086 

1025 3 -2 18.9006 5.25252 27.4085 

1025 3 -2 18.2237 3.45772 27.4085 

1025 3 -2 17.5468 1.6628 27.4087 

1025 3 -2 16.8698 7.41569 27.4085 

1025 3 -2 16.193 5.62086 27.4084 

1025 3 -2 15.5161 3.82603 27.4086 

1025 3 -2 22.3871 2.031 27.4086 

1025 3 -2 21.7103 0.236062 27.4086 

1025 3 -2 21.0333 5.9891 27.4085 

1025 3 -2 20.3564 4.1942 27.4086 

1025 3 -2 19.6796 2.39937 27.4086 

1025 3 -2 19.0028 0.604367 27.4087 

1025 3 -2 18.3258 6.35731 27.4086 

1025 3 -2 17.6489 4.56251 27.4084 

1025 3 -2 16.972 2.76768 27.4086 

1025 3 -2 16.2951 0.972672 27.4086 

1025 3 -2 15.6182 6.72565 27.4083 

1025 3 -2 22.4892 4.93077 27.4086 

1025 3 -2 21.8123 3.13584 27.4086 

1025 3 -2 21.1355 1.34097 27.4085 

1025 3 -2 20.4586 7.09393 27.4085 

1025 3 -2 19.7817 5.29902 27.4085 

1025 3 -2 19.1048 3.50418 27.4085 

1025 3 -2 18.428 1.7093 27.4087 

1025 3 -2 17.751 7.46218 27.4087 

1025 3 -2 17.0741 5.66728 27.4085 

1025 3 -2 16.3973 3.87251 27.4086 

1025 3 -2 15.7204 2.07758 27.4085 

1025 3 -2 22.5914 0.282521 27.4086 

1025 3 -2 21.9144 6.03562 27.4086 

1025 3 -2 21.2375 4.24068 27.4087 

1025 3 -2 20.5607 2.44581 27.4085 

1025 3 -2 19.8839 0.650869 27.4086 

1025 3 -2 19.2069 6.40381 27.4086 

1025 3 -2 18.53 4.60897 27.4084 

1025 3 -2 17.8532 2.81418 27.4086 

1025 3 -2 17.1763 1.01916 27.4086 

1025 3 -2 16.4993 6.7721 27.4084 

1025 3 -2 15.8225 4.97731 27.4086 

1025 3 -2 15.1456 3.18245 27.4086 

1025 3 -2 22.0166 1.38743 27.4085 

1025 3 -2 21.3397 7.14044 27.4084 

1025 3 -2 20.6628 5.34553 27.4086 

1025 3 -2 19.9859 3.55064 27.4086 

1025 3 -2 19.3091 1.75577 27.4087 

1025 3 -2 18.6322 7.50869 27.4087 

1025 3 -2 17.9552 5.71375 27.4085 

1025 3 -2 17.2784 3.91898 27.4085 

1025 3 -2 16.6015 2.12409 27.4086 

1025 3 -2 15.9246 0.32902 27.4086 

1025 3 -2 15.2477 6.08211 27.4084 

1025 3 -2 22.1186 4.28717 27.4087 

1025 3 -2 21.4418 2.49228 27.4086 

1025 3 -2 20.765 0.697343 27.4086 

1025 3 -2 20.0881 6.45033 27.4085 

1025 3 -2 19.4111 4.65545 27.4085 

1025 3 -2 18.7343 2.86062 27.4086 

1025 3 -2 18.0574 1.06566 27.4087 

1025 3 -2 17.3804 6.81857 27.4086 

1025 3 -2 16.7036 5.02376 27.4085 

1025 3 -2 16.0267 3.22893 27.4086 

1025 3 -2 15.3498 1.43394 27.4085 

1025 3 -2 22.2208 7.18695 27.4085 

1025 3 -2 21.5439 5.39202 27.4086 

1025 3 -2 20.867 3.5971 27.4086 

1025 3 -2 20.1902 1.80223 27.4086 

1025 3 -2 19.5133 0.00724139 27.4086 

1025 3 -2 18.8364 5.76023 27.4085 

1025 3 -2 18.1595 3.96544 27.4084 

1025 3 -2 17.4826 2.17057 27.4086 

1025 3 -2 16.8057 0.375526 27.4086 

1025 3 -2 16.1288 6.12857 27.4084 

1025 3 -2 15.4519 4.33376 27.4086 

1025 3 -2 22.3229 2.53873 27.4086 

1025 3 -2 21.6461 0.743828 27.4085 

1025 3 -2 20.9692 6.49685 27.4085 

1025 3 -2 20.2922 4.70193 27.4086 

1025 3 -2 19.6154 2.9071 27.4086 

1025 3 -2 18.9386 1.11213 27.4087 

1025 3 -2 18.2616 6.86506 27.4086 

1025 3 -2 17.5847 5.07022 27.4084 

1025 3 -2 16.9079 3.27543 27.4086 

1025 3 -2 16.2309 1.48045 27.4085 

1025 3 -2 15.554 7.23339 27.4083 

1025 3 -2 22.425 5.43852 27.4086 

1025 3 -2 21.7481 3.64357 27.4087 

1025 3 -2 21.0713 1.84872 27.4085 

1025 3 -2 20.3944 0.0537414 27.4086 

1025 3 -2 19.7175 5.80675 27.4085 

1025 3 -2 19.0406 4.0119 27.4084 

1025 3 -2 18.3638 2.21706 27.4087 

1025 3 -2 17.6869 0.422019 27.4087 

1025 3 -2 17.0099 6.17501 27.4085 

1025 3 -2 16.3331 4.38022 27.4086 

1025 3 -2 15.6562 2.58534 27.4085 

1025 3 -2 22.5272 0.790269 27.4086 

1025 3 -2 21.8502 6.54335 27.4085 

1025 3 -2 21.1733 4.74843 27.4087 

1025 3 -2 20.4965 2.95354 27.4086 

1025 3 -2 19.8197 1.15862 27.4086 

1025 3 -2 19.1428 6.91157 27.4086 

1025 3 -2 18.4658 5.11667 27.4084 

1025 3 -2 17.789 3.3219 27.4085 

1025 3 -2 17.1121 1.52694 27.4086 

1025 3 -2 16.4351 7.27984 27.4085 

1025 3 -2 15.7583 5.48503 27.4085 

1025 3 -2 22.6292 3.69005 27.4086 

1025 3 -2 21.9524 1.89515 27.4085 

1025 3 -2 21.2756 0.100213 27.4086 

1025 3 -2 20.5986 5.85325 27.4085 

1025 3 -2 19.9217 4.05837 27.4086 

1025 3 -2 19.2449 2.26353 27.4087 

1025 3 -2 18.568 0.468504 27.4087 

1025 3 -2 17.891 6.22146 27.4085 

1025 3 -2 17.2142 4.42669 27.4084 

1025 3 -2 16.5373 2.63183 27.4085 

1025 3 -2 15.8604 0.836803 27.4085 

1025 3 -2 15.1835 6.58981 27.4084 

1025 3 -2 22.0545 4.79491 27.4087 

1025 3 -2 21.3776 3.00001 27.4086 

1025 3 -2 20.7008 1.20511 27.4085 

1025 3 -2 20.0239 6.95808 27.4085 

1025 3 -2 19.347 5.16316 27.4084 

1025 3 -2 18.6701 3.36836 27.4085 

1025 3 -2 17.9932 1.57343 27.4087 

1025 3 -2 17.3162 7.32631 27.4086 

1025 3 -2 16.6394 5.53148 27.4085 

1025 3 -2 15.9625 3.73667 27.4086 

1025 3 -2 15.2856 1.94172 27.4085 

1025 3 -2 22.1567 0.146677 27.4086 

1025 3 -2 21.4797 5.89975 27.4085 

1025 3 -2 20.8028 4.10484 27.4087 

1025 3 -2 20.126 2.30998 27.4086 

1025 3 -2 19.4491 0.515017 27.4087 

1025 3 -2 18.7722 6.26796 27.4086 

1025 3 -2 18.0953 4.47316 27.4084 

1025 3 -2 17.4185 2.67833 27.4086 

1025 3 -2 16.7415 0.883297 27.4086 

1025 3 -2 16.0646 6.63628 27.4084 

1025 3 -2 15.3877 4.84147 27.4086 

1025 3 -2 22.2587 3.04648 27.4086 

1025 3 -2 21.5819 1.2516 27.4085 

1025 3 -2 20.905 7.00458 27.4085 

1025 3 -2 20.2281 5.20967 27.4086 

1025 3 -2 19.5512 3.41481 27.4085 

1025 3 -2 18.8744 1.61993 27.4087 

1025 3 -2 18.1974 7.37281 27.4087 

1025 3 -2 17.5205 5.57792 27.4085 

1025 3 -2 16.8437 3.78315 27.4085 

1025 3 -2 16.1668 1.98821 27.4085 

1025 3 -2 15.4898 0.193181 27.4086 

1025 3 -2 22.3608 5.94627 27.4086 

1025 3 -2 21.6839 4.15131 27.4087 

1025 3 -2 21.0071 2.35644 27.4085 

1025 3 -2 20.3303 0.561502 27.4086 

1025 3 -2 19.6533 6.31446 27.4085 

1025 3 -2 18.9764 4.51961 27.4084 

1025 3 -2 18.2996 2.72481 27.4086 

1025 3 -2 17.6227 0.929784 27.4087 

1025 3 -2 16.9457 6.68274 27.4085 

1025 3 -2 16.2689 4.88794 27.4086 

1025 3 -2 15.592 3.09308 27.4086 

1025 3 -2 22.463 1.29804 27.4086 

1025 3 -2 21.7861 7.0511 27.4085 

1025 3 -2 21.1092 5.25617 27.4086 

1025 3 -2 20.4323 3.46126 27.4086 

1025 3 -2 19.7555 1.6664 27.4086 

1025 3 -2 19.0786 7.41932 27.4086 

1025 3 -2 18.4016 5.62439 27.4085 

1025 3 -2 17.7248 3.82961 27.4084 

1025 3 -2 17.0479 2.03472 27.4086 

1025 3 -2 16.371 0.239658 27.4086 

1025 3 -2 15.6941 5.99273 27.4084 

1025 3 -2 22.565 4.19779 27.4086 

1025 3 -2 21.8882 2.40291 27.4086 

1025 3 -2 21.2114 0.607993 27.4085 

1025 3 -2 20.5344 6.36098 27.4085 

1025 3 -2 19.8575 4.5661 27.4085 

1025 3 -2 19.1807 2.77127 27.4086 

1025 3 -2 18.5038 0.976294 27.4087 

1025 3 -2 17.8268 6.72921 27.4086 

1025 3 -2 17.15 4.9344 27.4085 

1025 3 -2 16.4731 3.13958 27.4085 

1025 3 -2 15.7962 1.34458 27.4085 

1025 3 -2 15.1193 7.09754 27.4083 

1025 3 -2 21.9903 5.30266 27.4086 

1025 3 -2 21.3134 3.50773 27.4087 

1025 3 -2 20.6366 1.71286 27.4085 

1025 3 -2 19.9597 7.46583 27.4085 

1025 3 -2 19.2828 5.67088 27.4085 

1025 3 -2 18.6059 3.87606 27.4084 

1025 3 -2 17.929 2.0812 27.4087 

1025 3 -2 17.2521 0.286168 27.4086 

1025 3 -2 16.5752 6.03918 27.4084 

1025 3 -2 15.8983 4.24438 27.4086 

1025 3 -2 15.2214 2.44948 27.4085 

1025 3 -2 22.0925 0.654447 27.4086 

1025 3 -2 21.4155 6.4075 27.4085 

1025 3 -2 20.7386 4.61258 27.4087 

1025 3 -2 20.0618 2.81772 27.4086 

1025 3 -2 19.385 1.02277 27.4087 

1025 3 -2 18.708 6.77569 27.4086 

1025 3 -2 18.0311 4.98085 27.4084 

1025 3 -2 17.3542 3.18605 27.4085 

1025 3 -2 16.6773 1.39108 27.4086 

1025 3 -2 16.0004 7.14401 27.4084 

1025 3 -2 15.3236 5.34919 27.4085 

1025 3 -2 22.1945 3.55421 27.4087 

1025 3 -2 21.5177 1.75933 27.4085 

1025 3 -2 20.8408 7.51232 27.4085 

1025 3 -2 20.1639 5.7174 27.4085 

1025 3 -2 19.487 3.92254 27.4085 

1025 3 -2 18.8102 2.12769 27.4087 

1025 3 -2 18.1333 0.332639 27.4087 

1025 3 -2 17.4563 6.08564 27.4085 

1025 3 -2 16.7795 4.29085 27.4085 

1025 3 -2 16.1026 2.49597 27.4085 

1025 3 -2 15.4257 0.700942 27.4086 

1025 3 -2 22.2966 6.454 27.4086 

1025 3 -2 21.6197 4.65907 27.4087 

1025 3 -2 20.9429 2.86416 27.4086 

1025 3 -2 20.2661 1.06927 27.4086 

1025 3 -2 19.5892 6.82221 27.4085 

1025 3 -2 18.9122 5.02731 27.4084 

1025 3 -2 18.2354 3.23254 27.4085 

1025 3 -2 17.5585 1.43757 27.4087 

1025 3 -2 16.8815 7.19047 27.4085 

1025 3 -2 16.2047 5.39566 27.4085 

1025 3 -2 15.5278 3.60082 27.4086 

1025 3 -2 22.3988 1.80578 27.4086 

1025 3 -2 21.722 0.0108338 27.4086 

1025 3 -2 21.045 5.7639 27.4086 

1025 3 -2 20.3681 3.96899 27.4086 

1025 3 -2 19.6913 2.17415 27.4086 

1025 3 -2 19.0144 0.379149 27.4087 

1025 3 -2 18.3374 6.13212 27.4086 

1025 3 -2 17.6606 4.33732 27.4084 

1025 3 -2 16.9837 2.54247 27.4086 

1025 3 -2 16.3068 0.74745 27.4086 
