1025 3 -0.407528 14.4191 13.3011 27.4112 

1025 3 -0.407531 13.7422 11.5061 27.4112 

1025 3 -0.40753 13.0653 9.71121 27.4111 

1025 3 -0.40753 12.3884 7.91629 27.4112 

1025 3 -0.407536 11.7115 13.6693 27.4112 

1025 3 -0.407531 11.0346 11.8744 27.4112 

1025 3 -0.407538 10.3577 10.0795 27.4112 

1025 3 -0.407533 9.68084 8.28458 27.4112 

1025 3 -0.40753 9.00392 14.0376 27.4112 

1025 3 -0.407535 8.32704 12.2427 27.4112 

1025 3 -0.407529 7.65014 10.4478 27.4112 

1025 3 -0.407531 14.5212 8.65284 27.4112 

1025 3 -0.407534 13.8443 14.4059 27.4112 

1025 3 -0.407542 13.1674 12.611 27.4112 

1025 3 -0.407535 12.4905 10.8161 27.4111 

1025 3 -0.40753 11.8137 9.02114 27.4112 

1025 3 -0.407541 11.1367 14.7742 27.4112 

1025 3 -0.407535 10.4598 12.9793 27.4112 

1025 3 -0.407532 9.78295 11.1844 27.4112 

1025 3 -0.407533 9.10605 9.38943 27.4112 

1025 3 -0.407539 8.42916 7.5945 27.4112 

1025 3 -0.40753 7.75225 13.3476 27.4112 

1025 3 -0.407532 14.6233 11.5526 27.4112 

1025 3 -0.407536 13.9464 9.75769 27.4112 

1025 3 -0.407526 13.2696 7.96277 27.4112 

1025 3 -0.407533 12.5926 13.7158 27.4112 

1025 3 -0.407529 11.9157 11.9209 27.4112 

1025 3 -0.407538 11.2389 10.126 27.4112 

1025 3 -0.407533 10.562 8.33106 27.4112 

1025 3 -0.407537 9.88505 14.0841 27.4112 

1025 3 -0.407529 9.20817 12.2892 27.4112 

1025 3 -0.40753 8.53127 10.4943 27.4112 

1025 3 -0.407531 7.85438 8.69936 27.4112 

1025 3 -0.407534 14.7254 14.4524 27.4112 

1025 3 -0.407537 14.0485 12.6575 27.4112 

1025 3 -0.407527 13.3717 10.8625 27.4112 

1025 3 -0.40753 12.6948 9.06762 27.4111 

1025 3 -0.407529 12.0179 14.8207 27.4112 

1025 3 -0.40753 11.341 13.0258 27.4112 

1025 3 -0.407533 10.6641 11.2308 27.4112 

1025 3 -0.407533 9.98719 9.43591 27.4112 

1025 3 -0.407539 9.3103 7.64098 27.4112 

1025 3 -0.407534 8.63338 13.3941 27.4112 

1025 3 -0.407536 7.9565 11.5991 27.4112 

1025 3 -0.407533 14.8276 9.80417 27.4112 

1025 3 -0.407535 14.1507 8.00925 27.4112 

1025 3 -0.407534 13.4738 13.7623 27.4112 

1025 3 -0.407533 12.7969 11.9674 27.4112 

1025 3 -0.407537 12.12 10.1725 27.4111 

1025 3 -0.40753 11.4431 8.37755 27.4112 

1025 3 -0.407533 10.7662 14.1306 27.4112 

1025 3 -0.407536 10.0893 12.3357 27.4112 

1025 3 -0.407534 9.41241 10.5408 27.4112 

1025 3 -0.40753 8.73551 8.74584 27.4112 

1025 3 -0.407534 8.05859 14.4989 27.4112 

1025 3 -0.407539 14.9297 12.7039 27.4112 

1025 3 -0.407534 14.2528 10.909 27.4112 

1025 3 -0.40753 13.5759 9.1141 27.4111 

1025 3 -0.40753 12.899 14.8672 27.4112 

1025 3 -0.407534 12.2221 13.0722 27.4112 

1025 3 -0.407529 11.5452 11.2773 27.4112 

1025 3 -0.407535 10.8683 9.4824 27.4112 

1025 3 -0.407535 10.1914 7.68747 27.4112 

1025 3 -0.407533 9.51451 13.4405 27.4112 

1025 3 -0.407534 8.83763 11.6456 27.4112 

1025 3 -0.407533 8.16073 9.85069 27.4112 

1025 3 -0.407539 15.0318 8.05573 27.4111 

1025 3 -0.407535 14.3549 13.8088 27.4112 

1025 3 -0.407535 13.678 12.0139 27.4112 

1025 3 -0.407541 13.0011 10.2189 27.4111 

1025 3 -0.407536 12.3242 8.42403 27.4112 

1025 3 -0.40753 11.6473 14.1771 27.4112 

1025 3 -0.407538 10.9704 12.3822 27.4112 

1025 3 -0.407532 10.2935 10.5872 27.4112 

1025 3 -0.407533 9.61665 8.79232 27.4112 

1025 3 -0.407533 8.93972 14.5454 27.4112 

1025 3 -0.407536 8.26285 12.7505 27.4112 

1025 3 -0.407532 7.58595 10.9555 27.4112 

1025 3 -0.407533 14.457 9.16058 27.4112 

1025 3 -0.407531 13.7801 14.9137 27.4112 

1025 3 -0.407536 13.1032 13.1187 27.4112 

1025 3 -0.407532 12.4263 11.3238 27.4112 

1025 3 -0.407533 11.7495 9.52888 27.4112 

1025 3 -0.407536 11.0726 7.73395 27.4112 

1025 3 -0.407536 10.3956 13.487 27.4112 

1025 3 -0.407536 9.71876 11.6921 27.4112 

1025 3 -0.407533 9.04186 9.89717 27.4112 

1025 3 -0.407537 8.36497 8.10225 27.4112 

1025 3 -0.407535 7.68805 13.8553 27.4112 

1025 3 -0.407537 14.5591 12.0604 27.4112 

1025 3 -0.407531 13.8822 10.2654 27.4112 

1025 3 -0.407532 13.2054 8.47051 27.4112 

1025 3 -0.407529 12.5284 14.2236 27.4112 

1025 3 -0.407531 11.8516 12.4286 27.4112 

1025 3 -0.407532 11.1747 10.6337 27.4112 

1025 3 -0.407539 10.4978 8.83881 27.4112 

1025 3 -0.407533 9.82085 14.5919 27.4112 

1025 3 -0.407534 9.14398 12.7969 27.4112 

1025 3 -0.407534 8.46708 11.002 27.4112 

1025 3 -0.407531 7.79018 9.2071 27.4112 

1025 3 -0.407533 14.6612 14.9602 27.4112 

1025 3 -0.407535 13.9844 13.1652 27.4112 

1025 3 -0.407538 13.3075 11.3703 27.4112 

1025 3 -0.407538 12.6306 9.57536 27.4111 

1025 3 -0.407536 11.9537 7.78044 27.4112 

1025 3 -0.407534 11.2768 13.5335 27.4112 

1025 3 -0.407534 10.5999 11.7386 27.4112 

1025 3 -0.407529 9.923 9.94366 27.4112 

1025 3 -0.407537 9.24611 8.14873 27.4112 

1025 3 -0.407535 8.56919 13.9018 27.4112 

1025 3 -0.407534 7.8923 12.1069 27.4112 

1025 3 -0.407539 14.7634 10.3119 27.4112 

1025 3 -0.407532 14.0865 8.51699 27.4112 

1025 3 -0.407533 13.4096 14.2701 27.4112 

1025 3 -0.407534 12.7327 12.4751 27.4112 

1025 3 -0.407533 12.0558 10.6802 27.4112 

1025 3 -0.407534 11.3789 8.88529 27.4112 

1025 3 -0.407531 10.702 14.6384 27.4112 

1025 3 -0.407533 10.0251 12.8434 27.4112 

1025 3 -0.407529 9.34821 11.0485 27.4112 

1025 3 -0.407535 8.67132 9.25358 27.4112 

1025 3 -0.407529 7.99439 15.0067 27.4111 

1025 3 -0.407534 14.8655 13.2117 27.4112 

1025 3 -0.407535 14.1886 11.4168 27.4112 

1025 3 -0.407534 13.5117 9.62184 27.4111 

1025 3 -0.407534 12.8348 7.82692 27.4112 

1025 3 -0.407528 12.1579 13.58 27.4112 

1025 3 -0.407535 11.481 11.7851 27.4112 

1025 3 -0.407533 10.8041 9.99014 27.4112 

1025 3 -0.407533 10.1272 8.19521 27.4112 

1025 3 -0.407535 9.45032 13.9483 27.4112 

1025 3 -0.407535 8.77344 12.1534 27.4112 

1025 3 -0.407541 8.09654 10.3584 27.4112 

1025 3 -0.407537 14.9676 8.56347 27.4112 

1025 3 -0.407531 14.2907 14.3166 27.4112 

1025 3 -0.407531 13.6138 12.5216 27.4112 

1025 3 -0.407537 12.9369 10.7267 27.4111 

1025 3 -0.407532 12.26 8.93178 27.4112 

1025 3 -0.40753 11.5831 14.6848 27.4112 

1025 3 -0.40754 10.9062 12.8899 27.4112 

1025 3 -0.407538 10.2293 11.095 27.4112 

1025 3 -0.407529 9.55245 9.30007 27.4112 

1025 3 -0.407533 8.87552 15.0532 27.4112 

1025 3 -0.40753 8.19865 13.2582 27.4112 

1025 3 -0.407531 15.0697 11.4632 27.4112 

1025 3 -0.407536 14.3928 9.66832 27.4112 

1025 3 -0.407531 13.7159 7.8734 27.4112 

1025 3 -0.407531 13.039 13.6265 27.4112 

1025 3 -0.407537 12.3621 11.8315 27.4112 

1025 3 -0.407536 11.6853 10.0366 27.4112 

1025 3 -0.407532 11.0084 8.2417 27.4112 

1025 3 -0.407535 10.3315 13.9948 27.4112 

1025 3 -0.40753 9.65457 12.1998 27.4112 

1025 3 -0.407537 8.97767 10.4049 27.4112 

1025 3 -0.407534 8.30077 8.60999 27.4112 

1025 3 -0.407532 7.62385 14.3631 27.4112 

1025 3 -0.40753 14.4949 12.5681 27.4112 

1025 3 -0.407535 13.818 10.7732 27.4112 

1025 3 -0.407534 13.1412 8.97826 27.4111 

1025 3 -0.407531 12.4643 14.7313 27.4112 

1025 3 -0.407537 11.7874 12.9364 27.4112 

1025 3 -0.407536 11.1105 11.1415 27.4112 

1025 3 -0.407536 10.4336 9.34655 27.4112 

1025 3 -0.407537 9.7567 7.55162 27.4112 

1025 3 -0.407534 9.07978 13.3047 27.4112 

1025 3 -0.407536 8.40289 11.5098 27.4112 

1025 3 -0.407531 7.72599 9.71484 27.4112 

1025 3 -0.407535 14.5971 7.91988 27.4111 

1025 3 -0.407533 13.9202 13.673 27.4112 

1025 3 -0.407536 13.2433 11.878 27.4112 

1025 3 -0.407533 12.5664 10.0831 27.4111 

1025 3 -0.407535 11.8895 8.28818 27.4112 

1025 3 -0.407533 11.2126 14.0412 27.4112 

1025 3 -0.407535 10.5357 12.2463 27.4112 

1025 3 -0.407531 9.8588 10.4514 27.4112 

1025 3 -0.407533 9.18191 8.65648 27.4112 

1025 3 -0.407534 8.50499 14.4096 27.4112 

1025 3 -0.407532 7.82811 12.6146 27.4112 

1025 3 -0.407535 14.6992 10.8197 27.4112 

1025 3 -0.407535 14.0223 9.02474 27.4112 

1025 3 -0.407533 13.3454 14.7778 27.4112 

1025 3 -0.40753 12.6685 12.9829 27.4112 

1025 3 -0.407534 11.9916 11.1879 27.4112 

1025 3 -0.407528 11.3147 9.39303 27.4112 

1025 3 -0.40754 10.6378 7.5981 27.4112 

1025 3 -0.40753 9.96091 13.3512 27.4112 

1025 3 -0.407533 9.28402 11.5562 27.4112 

1025 3 -0.407536 8.60713 9.76133 27.4112 

1025 3 -0.407536 7.93023 7.9664 27.4112 

1025 3 -0.407529 14.8013 13.7194 27.4112 

1025 3 -0.40753 14.1244 11.9245 27.4112 

1025 3 -0.407535 13.4475 10.1296 27.4111 

1025 3 -0.407536 12.7706 8.33467 27.4112 

1025 3 -0.40753 12.0937 14.0877 27.4112 

1025 3 -0.407531 11.4168 12.2928 27.4112 

1025 3 -0.407532 10.7399 10.4979 27.4112 

1025 3 -0.407534 10.063 8.70296 27.4112 

1025 3 -0.407533 9.38612 14.456 27.4112 

1025 3 -0.407536 8.70925 12.6611 27.4112 

1025 3 -0.40753 8.03235 10.8662 27.4112 

1025 3 -0.407537 14.9034 9.07121 27.4112 

1025 3 -0.407532 14.2265 14.8243 27.4112 

1025 3 -0.407532 13.5496 13.0294 27.4112 

1025 3 -0.407535 12.8727 11.2344 27.4112 

1025 3 -0.407532 12.1959 9.43952 27.4111 

1025 3 -0.407542 11.519 7.64459 27.4112 

1025 3 -0.407531 10.842 13.3977 27.4112 

1025 3 -0.407536 10.1652 11.6027 27.4112 

1025 3 -0.407533 9.48826 9.80781 27.4112 

1025 3 -0.407536 8.81137 8.01288 27.4112 

1025 3 -0.407537 8.13445 13.766 27.4112 

1025 3 -0.407534 15.0055 11.971 27.4112 

1025 3 -0.407534 14.3286 10.1761 27.4112 

1025 3 -0.407538 13.6518 8.38115 27.4112 

1025 3 -0.407533 12.9748 14.1342 27.4112 

1025 3 -0.407536 12.2979 12.3393 27.4112 

1025 3 -0.407536 11.6211 10.5444 27.4112 

1025 3 -0.407533 10.9442 8.74944 27.4112 

1025 3 -0.407535 10.2673 14.5025 27.4112 

1025 3 -0.407536 9.59037 12.7076 27.4112 

1025 3 -0.407536 8.91348 10.9127 27.4112 

1025 3 -0.407538 8.23658 9.11774 27.4112 

1025 3 -0.407536 7.55966 14.8708 27.4111 

1025 3 -0.407534 14.4308 13.0758 27.4112 

1025 3 -0.407531 13.7539 11.2809 27.4112 

1025 3 -0.407535 13.077 9.486 27.4111 

1025 3 -0.407534 12.4001 7.69108 27.4112 

1025 3 -0.407535 11.7232 13.4441 27.4112 

1025 3 -0.407534 11.0463 11.6492 27.4112 

1025 3 -0.407537 10.3694 9.85429 27.4112 

1025 3 -0.407534 9.69251 8.05937 27.4112 

1025 3 -0.40753 9.01558 13.8124 27.4112 

1025 3 -0.40753 8.3387 12.0175 27.4112 

1025 3 -0.407534 7.6618 10.2226 27.4112 

1025 3 -0.407535 14.5329 8.42763 27.4112 

1025 3 -0.407531 13.856 14.1807 27.4112 

1025 3 -0.407534 13.1791 12.3858 27.4112 

1025 3 -0.407536 12.5022 10.5908 27.4111 

1025 3 -0.40753 11.8253 8.79593 27.4112 

1025 3 -0.407525 11.1484 14.549 27.4112 

1025 3 -0.407533 10.4715 12.7541 27.4112 

1025 3 -0.407538 9.79461 10.9591 27.4112 

1025 3 -0.407535 9.11772 9.16422 27.4112 

1025 3 -0.407531 8.44079 14.9173 27.4112 

1025 3 -0.40753 7.76392 13.1224 27.4112 

1025 3 -0.407539 14.635 11.3274 27.4112 

1025 3 -0.407533 13.9581 9.53248 27.4112 

1025 3 -0.407535 13.2812 7.73756 27.4112 

1025 3 -0.407533 12.6043 13.4906 27.4112 

1025 3 -0.407528 11.9274 11.6957 27.4112 

1025 3 -0.407533 11.2505 9.90078 27.4112 

1025 3 -0.407534 10.5736 8.10585 27.4112 

1025 3 -0.407533 9.89671 13.8589 27.4112 

1025 3 -0.407531 9.21983 12.064 27.4112 

1025 3 -0.407533 8.54293 10.2691 27.4112 

1025 3 -0.40753 7.86604 8.47415 27.4112 

1025 3 -0.407527 14.7371 14.2272 27.4112 

1025 3 -0.407537 14.0602 12.4322 27.4112 

1025 3 -0.407532 13.3833 10.6373 27.4111 

1025 3 -0.407534 12.7064 8.84241 27.4112 

1025 3 -0.407533 12.0295 14.5955 27.4112 

1025 3 -0.407532 11.3526 12.8005 27.4112 

1025 3 -0.407537 10.6757 11.0056 27.4112 

1025 3 -0.407535 9.99886 9.2107 27.4112 

1025 3 -0.407534 9.32192 14.9638 27.4112 

1025 3 -0.407539 8.64505 13.1688 27.4112 

1025 3 -0.407532 7.96816 11.3739 27.4112 

1025 3 -0.407534 14.8392 9.57896 27.4112 

1025 3 -0.407531 14.1623 7.78404 27.4112 

1025 3 -0.407533 13.4854 13.5371 27.4112 

1025 3 -0.407539 12.8085 11.7422 27.4112 

1025 3 -0.407531 12.1317 9.94726 27.4111 

1025 3 -0.407534 11.4548 8.15234 27.4112 

1025 3 -0.407531 10.7778 13.9054 27.4112 

1025 3 -0.407531 10.101 12.1105 27.4112 

1025 3 -0.407536 9.42407 10.3156 27.4112 

1025 3 -0.407533 8.74717 8.52063 27.4112 

1025 3 -0.407536 8.07025 14.2737 27.4112 

1025 3 -0.407534 14.9413 12.4787 27.4112 

1025 3 -0.40754 14.2644 10.6838 27.4112 

1025 3 -0.407531 13.5876 8.88889 27.4112 

1025 3 -0.407533 12.9106 14.642 27.4112 

1025 3 -0.407533 12.2338 12.847 27.4112 

1025 3 -0.40753 11.5569 11.0521 27.4112 

1025 3 -0.407535 10.88 9.25719 27.4112 

1025 3 -0.407531 10.2031 15.0103 27.4112 

1025 3 -0.407535 9.52618 13.2153 27.4112 

1025 3 -0.407529 8.84929 11.4204 27.4112 

1025 3 -0.407541 8.17239 9.62548 27.4112 

1025 3 -0.407534 15.0435 7.83052 27.4111 

1025 3 -0.407535 14.3666 13.5836 27.4112 

1025 3 -0.407542 13.6897 11.7887 27.4112 

1025 3 -0.407529 13.0128 9.99374 27.4111 

1025 3 -0.407532 12.3359 8.19882 27.4112 

1025 3 -0.407534 11.659 13.9519 27.4112 

1025 3 -0.40753 10.9821 12.157 27.4112 

1025 3 -0.407536 10.3052 10.362 27.4112 

1025 3 -0.407533 9.62831 8.56712 27.4112 

1025 3 -0.407532 8.95139 14.3202 27.4112 

1025 3 -0.407533 8.27451 12.5252 27.4112 

1025 3 -0.407535 7.59761 10.7303 27.4112 

1025 3 -0.407533 14.4687 8.93537 27.4112 

1025 3 -0.407536 13.7918 14.6885 27.4112 

1025 3 -0.407534 13.1149 12.8935 27.4112 

1025 3 -0.407531 12.438 11.0986 27.4112 

1025 3 -0.40753 11.7611 9.30367 27.4112 

1025 3 -0.407536 11.0842 15.0567 27.4112 

1025 3 -0.407537 10.4073 13.2618 27.4112 

1025 3 -0.407536 9.73042 11.4669 27.4112 

1025 3 -0.407529 9.05352 9.67196 27.4112 

1025 3 -0.407531 8.37663 7.87703 27.4112 

1025 3 -0.407533 7.69972 13.6301 27.4112 

1025 3 -0.407539 14.5708 11.8351 27.4112 

1025 3 -0.407535 13.8939 10.0402 27.4112 

1025 3 -0.407531 13.217 8.2453 27.4112 

1025 3 -0.407537 12.5401 13.9984 27.4112 

1025 3 -0.40753 11.8632 12.2034 27.4112 

1025 3 -0.407533 11.1863 10.4085 27.4112 

1025 3 -0.407534 10.5094 8.61359 27.4112 

1025 3 -0.407535 9.83252 14.3667 27.4112 

1025 3 -0.407535 9.15564 12.5717 27.4112 

1025 3 -0.407529 8.47875 10.7768 27.4112 

1025 3 -0.407534 7.80185 8.98189 27.4112 

1025 3 -0.407529 14.6729 14.7349 27.4112 

1025 3 -0.40753 13.996 12.94 27.4112 

1025 3 -0.407532 13.3191 11.1451 27.4112 

1025 3 -0.407537 12.6422 9.35015 27.4111 

1025 3 -0.407533 11.9654 7.55522 27.4112 

1025 3 -0.407536 11.2884 13.3083 27.4112 

1025 3 -0.407533 10.6116 11.5134 27.4112 

1025 3 -0.407533 9.93466 9.71845 27.4112 

1025 3 -0.407537 9.25777 7.92352 27.4112 

1025 3 -0.407533 8.58085 13.6766 27.4112 

1025 3 -0.407537 7.90397 11.8817 27.4112 

1025 3 -0.407531 14.775 10.0867 27.4112 

1025 3 -0.407537 14.0981 8.29178 27.4112 

1025 3 -0.407532 13.4212 14.0449 27.4112 

1025 3 -0.407532 12.7443 12.2499 27.4112 

1025 3 -0.407532 12.0675 10.455 27.4111 

1025 3 -0.407536 11.3906 8.66008 27.4112 

1025 3 -0.407535 10.7137 14.4131 27.4112 

1025 3 -0.40753 10.0368 12.6182 27.4112 

1025 3 -0.407531 9.35988 10.8233 27.4112 

1025 3 -0.407534 8.68298 9.02837 27.4112 

1025 3 -0.407538 8.00605 14.7815 27.4112 

1025 3 -0.40753 14.8771 12.9865 27.4112 

1025 3 -0.407533 14.2003 11.1915 27.4112 

1025 3 -0.407533 13.5234 9.39664 27.4111 

1025 3 -0.407532 12.8465 7.60171 27.4112 

1025 3 -0.407536 12.1696 13.3548 27.4112 

1025 3 -0.407536 11.4927 11.5598 27.4112 

1025 3 -0.407534 10.8158 9.76493 27.4112 

1025 3 -0.407536 10.1389 7.97 27.4112 

1025 3 -0.407531 9.46198 13.7231 27.4112 

1025 3 -0.407529 8.7851 11.9281 27.4112 

1025 3 -0.407532 8.1082 10.1332 27.4112 

1025 3 -0.407541 14.9793 8.33826 27.4112 

1025 3 -0.407532 14.3024 14.0913 27.4112 

1025 3 -0.407531 13.6255 12.2964 27.4112 

1025 3 -0.407538 12.9486 10.5015 27.4111 

1025 3 -0.407534 12.2717 8.70657 27.4112 

1025 3 -0.407535 11.5948 14.4596 27.4112 

1025 3 -0.407534 10.9179 12.6647 27.4112 

1025 3 -0.407529 10.241 10.8698 27.4112 

1025 3 -0.407533 9.56412 9.07486 27.4112 

1025 3 -0.407532 8.88718 14.8279 27.4112 

1025 3 -0.407532 8.21032 13.033 27.4112 

1025 3 -0.407529 15.0814 11.238 27.4112 

1025 3 -0.407534 14.4045 9.44312 27.4112 

1025 3 -0.407536 13.7276 7.64819 27.4112 

1025 3 -0.407537 13.0507 13.4013 27.4112 

1025 3 -0.40753 12.3738 11.6063 27.4112 

1025 3 -0.407526 11.6969 9.81141 27.4112 

1025 3 -0.407528 11.02 8.01649 27.4112 

1025 3 -0.407535 10.3431 13.7695 27.4112 

1025 3 -0.407534 9.66623 11.9746 27.4112 

1025 3 -0.407533 8.98933 10.1797 27.4112 

1025 3 -0.407535 8.31244 8.38478 27.4112 

1025 3 -0.407534 7.63552 14.1379 27.4112 

1025 3 -0.40753 14.5066 12.3429 27.4112 

1025 3 -0.407538 13.8297 10.548 27.4112 

1025 3 -0.407532 13.1528 8.75305 27.4112 

1025 3 -0.407536 12.4759 14.5061 27.4112 

1025 3 -0.407532 11.799 12.7112 27.4112 

1025 3 -0.40753 11.1221 10.9163 27.4112 

1025 3 -0.407538 10.4453 9.12134 27.4112 

1025 3 -0.407534 9.76832 14.8744 27.4112 

1025 3 -0.40753 9.09145 13.0795 27.4112 

1025 3 -0.407528 8.41456 11.2846 27.4112 

1025 3 -0.40753 7.73766 9.48963 27.4112 

1025 3 -0.407534 14.6087 7.69467 27.4111 

1025 3 -0.407531 13.9318 13.4477 27.4112 

1025 3 -0.407534 13.2549 11.6528 27.4112 

1025 3 -0.407531 12.5781 9.85789 27.4111 

1025 3 -0.407531 11.9012 8.06297 27.4112 

1025 3 -0.407533 11.2242 13.816 27.4112 

1025 3 -0.407534 10.5474 12.0211 27.4112 

1025 3 -0.407533 9.87047 10.2262 27.4112 

1025 3 -0.407533 9.19358 8.43127 27.4112 

1025 3 -0.40753 8.51665 14.1843 27.4112 

1025 3 -0.407527 7.83978 12.3894 27.4112 

1025 3 -0.407532 14.7108 10.5944 27.4112 

1025 3 -0.407533 14.034 8.79953 27.4112 

1025 3 -0.40753 13.357 14.5526 27.4112 

1025 3 -0.407534 12.6802 12.7577 27.4112 

1025 3 -0.407531 12.0033 10.9627 27.4112 

1025 3 -0.407534 11.3264 9.16782 27.4112 

1025 3 -0.407533 10.6495 14.9209 27.4112 

1025 3 -0.407528 9.97258 13.126 27.4112 

1025 3 -0.407534 9.29569 11.331 27.4112 

1025 3 -0.407535 8.61879 9.53612 27.4112 

1025 3 -0.407544 7.9419 7.74119 27.4113 

1025 3 -0.407531 14.813 13.4942 27.4112 

1025 3 -0.407527 14.1361 11.6993 27.4112 

1025 3 -0.407527 13.4592 9.90437 27.4111 

1025 3 -0.407532 12.7823 8.10946 27.4112 

1025 3 -0.407535 12.1054 13.8625 27.4112 

1025 3 -0.407533 11.4285 12.0676 27.4112 

1025 3 -0.40753 10.7516 10.2727 27.4112 

1025 3 -0.407535 10.0747 8.47775 27.4112 

1025 3 -0.40753 9.39778 14.2308 27.4112 

1025 3 -0.407538 8.72091 12.4359 27.4112 

1025 3 -0.407535 8.04401 10.641 27.4112 

1025 3 -0.407536 14.9151 8.84601 27.4112 

1025 3 -0.407525 14.2382 14.5991 27.4112 

1025 3 -0.407533 13.5613 12.8041 27.4112 

1025 3 -0.407532 12.8844 11.0092 27.4112 

1025 3 -0.407535 12.2075 9.21431 27.4111 

1025 3 -0.407531 11.5306 14.9674 27.4112 

1025 3 -0.407529 10.8537 13.1724 27.4112 

1025 3 -0.407529 10.1768 11.3775 27.4112 

1025 3 -0.407532 9.49992 9.5826 27.4112 

1025 3 -0.407531 8.82303 7.78767 27.4112 

1025 3 -0.407534 8.14612 13.5407 27.4112 

1025 3 -0.407535 15.0172 11.7458 27.4112 

1025 3 -0.40753 14.3403 9.95086 27.4112 

1025 3 -0.407533 13.6634 8.15594 27.4112 

1025 3 -0.407532 12.9865 13.909 27.4112 

1025 3 -0.407538 12.3096 12.1141 27.4112 

1025 3 -0.407535 11.6327 10.3192 27.4112 

1025 3 -0.407538 10.9558 8.52424 27.4112 

1025 3 -0.407535 10.2789 14.2773 27.4112 

1025 3 -0.407534 9.60204 12.4824 27.4112 

1025 3 -0.407535 8.92514 10.6874 27.4112 

1025 3 -0.407536 8.24825 8.89252 27.4112 

1025 3 -0.407539 7.57132 14.6456 27.4112 

1025 3 -0.40754 14.4424 12.8506 27.4112 

1025 3 -0.407532 13.7655 11.0557 27.4112 

1025 3 -0.407533 13.0886 9.26079 27.4111 

1025 3 -0.407533 12.4117 15.0139 27.4112 

1025 3 -0.407531 11.7348 13.2189 27.4112 

1025 3 -0.407535 11.0579 11.424 27.4112 

1025 3 -0.407534 10.3811 9.62908 27.4112 

1025 3 -0.40754 9.70417 7.83416 27.4112 

1025 3 -0.407528 9.02725 13.5872 27.4112 

1025 3 -0.407531 8.35037 11.7923 27.4112 

1025 3 -0.407536 7.67347 9.99737 27.4112 

1025 3 -0.407526 14.5445 8.20242 27.4111 

1025 3 -0.407538 13.8676 13.9555 27.4112 

1025 3 -0.407534 13.1907 12.1605 27.4112 

1025 3 -0.407537 12.5139 10.3656 27.4111 

1025 3 -0.407538 11.837 8.57072 27.4112 

1025 3 -0.407538 11.1601 14.3238 27.4112 

1025 3 -0.407527 10.4832 12.5288 27.4112 

1025 3 -0.407532 9.80628 10.7339 27.4112 

1025 3 -0.407527 9.12938 8.93901 27.4112 

1025 3 -0.407532 8.45245 14.6921 27.4112 

1025 3 -0.407534 7.77558 12.8972 27.4112 

1025 3 -0.407534 14.6466 11.1022 27.4112 

1025 3 -0.407534 13.9698 9.30727 27.4112 

1025 3 -0.407534 13.2929 15.0604 27.4112 

1025 3 -0.407528 12.616 13.2654 27.4112 

1025 3 -0.407534 11.9391 11.4705 27.4112 

1025 3 -0.407537 11.2622 9.67557 27.4112 

1025 3 -0.407533 10.5853 7.88064 27.4112 

1025 3 -0.407539 9.90838 13.6337 27.4112 

1025 3 -0.407539 9.2315 11.8388 27.4112 

1025 3 -0.407533 8.5546 10.0439 27.4112 

1025 3 -0.407532 7.8777 8.24893 27.4112 

1025 3 -0.407535 14.7488 14.002 27.4112 

1025 3 -0.40754 14.0719 12.207 27.4112 

1025 3 -0.407534 13.395 10.4121 27.4111 

1025 3 -0.407536 12.7181 8.6172 27.4112 

1025 3 -0.407534 12.0412 14.3703 27.4112 

1025 3 -0.40753 11.3643 12.5753 27.4112 

1025 3 -0.407534 10.6874 10.7804 27.4112 

1025 3 -0.407532 10.0105 8.98549 27.4112 

1025 3 -0.407534 9.33359 14.7386 27.4112 

1025 3 -0.407539 8.65672 12.9436 27.4112 

1025 3 -0.407535 7.97982 11.1487 27.4112 

1025 3 -0.407537 14.8509 9.35375 27.4112 

1025 3 -0.407534 14.174 7.55883 27.4112 

1025 3 -0.407533 13.4971 13.3119 27.4112 

1025 3 -0.40753 12.8202 11.517 27.4112 

1025 3 -0.407534 12.1433 9.72205 27.4111 

1025 3 -0.407538 11.4664 7.92712 27.4112 

1025 3 -0.407532 10.7895 13.6802 27.4112 

1025 3 -0.407533 10.1126 11.8853 27.4112 

1025 3 -0.407538 9.43573 10.0903 27.4112 

1025 3 -0.407528 8.75884 8.29542 27.4112 
