1025 3 -2 14.419 20.8489 27.4087 

1025 3 -2 13.7421 19.0541 27.4086 

1025 3 -2 13.0653 17.2593 27.4086 

1025 3 -2 12.3884 15.4643 27.4085 

1025 3 -2 11.7114 21.2172 27.4084 

1025 3 -2 11.0345 19.4224 27.4083 

1025 3 -2 10.3576 17.6276 27.4083 

1025 3 -2 9.68075 15.8327 27.4086 

1025 3 -2 9.0038 21.5855 27.4084 

1025 3 -2 8.32694 19.7907 27.4082 

1025 3 -2 7.65006 17.9959 27.4084 

1025 3 -2 14.5211 16.2009 27.4087 

1025 3 -2 13.8442 21.9537 27.4086 

1025 3 -2 13.1673 20.1589 27.4085 

1025 3 -2 12.4905 18.3641 27.4086 

1025 3 -2 11.8136 16.5692 27.4085 

1025 3 -2 11.1366 22.322 27.4085 

1025 3 -2 10.4597 20.5271 27.4084 

1025 3 -2 9.78284 18.7324 27.4082 

1025 3 -2 9.10594 16.9376 27.4084 

1025 3 -2 8.42906 15.1426 27.4085 

1025 3 -2 7.7522 20.8954 27.4082 

1025 3 -2 14.6233 19.1005 27.4086 

1025 3 -2 13.9464 17.3058 27.4086 

1025 3 -2 13.2695 15.5108 27.4085 

1025 3 -2 12.5925 21.2636 27.4084 

1025 3 -2 11.9157 19.4689 27.4084 

1025 3 -2 11.2388 17.6741 27.4084 

1025 3 -2 10.5619 15.8791 27.4086 

1025 3 -2 9.88493 21.632 27.4085 

1025 3 -2 9.20805 19.8371 27.4082 

1025 3 -2 8.53118 18.0424 27.4083 

1025 3 -2 7.85427 16.2475 27.4084 

1025 3 -2 14.7254 22.0002 27.4087 

1025 3 -2 14.0485 20.2053 27.4086 

1025 3 -2 13.3716 18.4106 27.4086 

1025 3 -2 12.6947 16.6157 27.4085 

1025 3 -2 12.0177 22.3685 27.4085 

1025 3 -2 11.3409 20.5736 27.4084 

1025 3 -2 10.664 18.7789 27.4083 

1025 3 -2 9.9871 16.9841 27.4084 

1025 3 -2 9.31021 15.1891 27.4086 

1025 3 -2 8.63327 20.9419 27.4083 

1025 3 -2 7.95642 19.1471 27.4083 

1025 3 -2 14.8275 17.3523 27.4086 

1025 3 -2 14.1506 15.5573 27.4086 

1025 3 -2 13.4736 21.3101 27.4085 

1025 3 -2 12.7968 19.5153 27.4085 

1025 3 -2 12.1199 17.7205 27.4085 

1025 3 -2 11.4431 15.9256 27.4085 

1025 3 -2 10.7661 21.6784 27.4085 

1025 3 -2 10.0892 19.8836 27.4083 

1025 3 -2 9.4123 18.0889 27.4082 

1025 3 -2 8.73538 16.294 27.4085 

1025 3 -2 8.05855 22.0467 27.4083 

1025 3 -2 14.9296 20.2518 27.4087 

1025 3 -2 14.2528 18.457 27.4086 

1025 3 -2 13.5758 16.6622 27.4085 

1025 3 -2 12.8989 22.415 27.4085 

1025 3 -2 12.222 20.6201 27.4084 

1025 3 -2 11.5451 18.8253 27.4084 

1025 3 -2 10.8683 17.0305 27.4084 

1025 3 -2 10.1914 15.2355 27.4086 

1025 3 -2 9.51439 20.9884 27.4084 

1025 3 -2 8.83752 19.1936 27.4082 

1025 3 -2 8.16062 17.3988 27.4083 

1025 3 -2 15.0317 15.6038 27.4087 

1025 3 -2 14.3548 21.3566 27.4087 

1025 3 -2 13.6779 19.5618 27.4086 

1025 3 -2 13.0011 17.767 27.4086 

1025 3 -2 12.3242 15.9721 27.4085 

1025 3 -2 11.6472 21.7249 27.4084 

1025 3 -2 10.9703 19.9301 27.4084 

1025 3 -2 10.2934 18.1354 27.4082 

1025 3 -2 9.61655 16.3405 27.4085 

1025 3 -2 8.93961 22.0932 27.4084 

1025 3 -2 8.26274 20.2984 27.4082 

1025 3 -2 7.58588 18.5036 27.4084 

1025 3 -2 14.457 16.7087 27.4086 

1025 3 -2 13.78 22.4615 27.4086 

1025 3 -2 13.1031 20.6666 27.4084 

1025 3 -2 12.4262 18.8718 27.4086 

1025 3 -2 11.7494 17.077 27.4085 

1025 3 -2 11.0726 15.282 27.4086 

1025 3 -2 10.3955 21.0349 27.4085 

1025 3 -2 9.71864 19.2401 27.4082 

1025 3 -2 9.04175 17.4453 27.4083 

1025 3 -2 8.36486 15.6504 27.4085 

1025 3 -2 7.68801 21.4031 27.4082 

1025 3 -2 14.5591 19.6082 27.4086 

1025 3 -2 13.8822 17.8135 27.4086 

1025 3 -2 13.2053 16.0186 27.4085 

1025 3 -2 12.5283 21.7714 27.4084 

1025 3 -2 11.8515 19.9766 27.4084 

1025 3 -2 11.1746 18.1818 27.4084 

1025 3 -2 10.4977 16.3869 27.4085 

1025 3 -2 9.82073 22.1397 27.4085 

1025 3 -2 9.14384 20.3448 27.4083 

1025 3 -2 8.467 18.5501 27.4083 

1025 3 -2 7.79008 16.7552 27.4084 

1025 3 -2 14.6612 22.508 27.4087 

1025 3 -2 13.9842 20.713 27.4086 

1025 3 -2 13.3074 18.9183 27.4086 

1025 3 -2 12.6305 17.1234 27.4085 

1025 3 -2 11.9537 15.3285 27.4085 

1025 3 -2 11.2767 21.0813 27.4084 

1025 3 -2 10.5998 19.2866 27.4083 

1025 3 -2 9.92289 17.4918 27.4083 

1025 3 -2 9.246 15.6968 27.4086 

1025 3 -2 8.56906 21.4496 27.4083 

1025 3 -2 7.89223 19.6548 27.4082 

1025 3 -2 14.7633 17.86 27.4086 

1025 3 -2 14.0864 16.0651 27.4086 

1025 3 -2 13.4095 21.8179 27.4085 

1025 3 -2 12.7326 20.023 27.4085 

1025 3 -2 12.0557 18.2283 27.4085 

1025 3 -2 11.3789 16.4334 27.4085 

1025 3 -2 10.7019 22.1862 27.4085 

1025 3 -2 10.025 20.3913 27.4084 

1025 3 -2 9.34811 18.5966 27.4082 

1025 3 -2 8.6712 16.8017 27.4084 

1025 3 -2 7.99438 22.5544 27.4083 

1025 3 -2 14.8654 20.7595 27.4087 

1025 3 -2 14.1885 18.9647 27.4086 

1025 3 -2 13.5117 17.1699 27.4086 

1025 3 -2 12.8348 15.375 27.4085 

1025 3 -2 12.1578 21.1278 27.4084 

1025 3 -2 11.4809 19.333 27.4084 

1025 3 -2 10.8041 17.5383 27.4083 

1025 3 -2 10.1272 15.7433 27.4086 

1025 3 -2 9.45019 21.4961 27.4084 

1025 3 -2 8.77334 19.7013 27.4082 

1025 3 -2 8.09644 17.9065 27.4083 

1025 3 -2 14.9675 16.1116 27.4087 

1025 3 -2 14.2906 21.8644 27.4087 

1025 3 -2 13.6137 20.0695 27.4085 

1025 3 -2 12.9369 18.2747 27.4086 

1025 3 -2 12.26 16.4798 27.4085 

1025 3 -2 11.583 22.2326 27.4085 

1025 3 -2 10.9061 20.4378 27.4084 

1025 3 -2 10.2292 18.6431 27.4082 

1025 3 -2 9.55235 16.8482 27.4084 

1025 3 -2 8.87544 22.6009 27.4084 

1025 3 -2 8.19856 20.8061 27.4082 

1025 3 -2 15.0696 19.0112 27.4085 

1025 3 -2 14.3928 17.2164 27.4086 

1025 3 -2 13.7159 15.4215 27.4086 

1025 3 -2 13.0389 21.1743 27.4084 

1025 3 -2 12.362 19.3795 27.4085 

1025 3 -2 11.6852 17.5847 27.4085 

1025 3 -2 11.0084 15.7898 27.4085 

1025 3 -2 10.3313 21.5426 27.4085 

1025 3 -2 9.65445 19.7478 27.4083 

1025 3 -2 8.97757 17.953 27.4083 

1025 3 -2 8.30067 16.1581 27.4084 

1025 3 -2 7.62385 21.9108 27.4082 

1025 3 -2 14.4949 20.1159 27.4086 

1025 3 -2 13.818 18.3212 27.4086 

1025 3 -2 13.1411 16.5263 27.4085 

1025 3 -2 12.4641 22.2791 27.4085 

1025 3 -2 11.7873 20.4843 27.4084 

1025 3 -2 11.1104 18.6895 27.4083 

1025 3 -2 10.4335 16.8947 27.4084 

1025 3 -2 9.75664 15.0997 27.4086 

1025 3 -2 9.07965 20.8525 27.4083 

1025 3 -2 8.40281 19.0578 27.4082 

1025 3 -2 7.72589 17.263 27.4084 

1025 3 -2 14.597 15.4679 27.4087 

1025 3 -2 13.9201 21.2208 27.4086 

1025 3 -2 13.2432 19.426 27.4085 

1025 3 -2 12.5663 17.6312 27.4086 

1025 3 -2 11.8895 15.8362 27.4085 

1025 3 -2 11.2125 21.5891 27.4085 

1025 3 -2 10.5356 19.7943 27.4083 

1025 3 -2 9.85869 17.9995 27.4083 

1025 3 -2 9.18179 16.2046 27.4085 

1025 3 -2 8.50491 21.9573 27.4083 

1025 3 -2 7.82803 20.1625 27.4082 

1025 3 -2 14.6991 18.3677 27.4085 

1025 3 -2 14.0222 16.5728 27.4086 

1025 3 -2 13.3453 22.3256 27.4086 

1025 3 -2 12.6684 20.5307 27.4084 

1025 3 -2 11.9915 18.736 27.4085 

1025 3 -2 11.3147 16.9411 27.4085 

1025 3 -2 10.6378 15.1461 27.4086 

1025 3 -2 9.96079 20.899 27.4084 

1025 3 -2 9.28391 19.1043 27.4082 

1025 3 -2 8.60702 17.3095 27.4083 

1025 3 -2 7.93014 15.5145 27.4084 

1025 3 -2 14.8012 21.2673 27.4087 

1025 3 -2 14.1243 19.4724 27.4086 

1025 3 -2 13.4475 17.6776 27.4086 

1025 3 -2 12.7706 15.8827 27.4085 

1025 3 -2 12.0936 21.6355 27.4084 

1025 3 -2 11.4167 19.8407 27.4084 

1025 3 -2 10.7398 18.046 27.4083 

1025 3 -2 10.063 16.2511 27.4086 

1025 3 -2 9.386 22.0038 27.4084 

1025 3 -2 8.70913 20.209 27.4082 

1025 3 -2 8.03228 18.4142 27.4083 

1025 3 -2 14.9033 16.6193 27.4086 

1025 3 -2 14.2264 22.3721 27.4087 

1025 3 -2 13.5495 20.5772 27.4085 

1025 3 -2 12.8727 18.7824 27.4086 

1025 3 -2 12.1958 16.9876 27.4085 

1025 3 -2 11.5189 15.1926 27.4085 

1025 3 -2 10.8419 20.9455 27.4084 

1025 3 -2 10.165 19.1507 27.4082 

1025 3 -2 9.48813 17.356 27.4083 

1025 3 -2 8.81127 15.561 27.4086 

1025 3 -2 8.13436 21.3138 27.4082 

1025 3 -2 15.0055 19.5189 27.4086 

1025 3 -2 14.3286 17.7241 27.4086 

1025 3 -2 13.6517 15.9292 27.4085 

1025 3 -2 12.9747 21.682 27.4085 

1025 3 -2 12.2979 19.8872 27.4085 

1025 3 -2 11.621 18.0924 27.4085 

1025 3 -2 10.9441 16.2975 27.4085 

1025 3 -2 10.2671 22.0503 27.4085 

1025 3 -2 9.59024 20.2555 27.4083 

1025 3 -2 8.91339 18.4607 27.4082 

1025 3 -2 8.23646 16.6659 27.4084 

1025 3 -2 7.55968 22.4185 27.4083 

1025 3 -2 14.4307 20.6237 27.4087 

1025 3 -2 13.7538 18.8289 27.4086 

1025 3 -2 13.0769 17.0341 27.4085 

1025 3 -2 12.4 15.2391 27.4085 

1025 3 -2 11.7231 20.992 27.4084 

1025 3 -2 11.0462 19.1972 27.4083 

1025 3 -2 10.3693 17.4024 27.4083 

1025 3 -2 9.69242 15.6075 27.4086 

1025 3 -2 9.01545 21.3603 27.4084 

1025 3 -2 8.33861 19.5655 27.4082 

1025 3 -2 7.66171 17.7707 27.4084 

1025 3 -2 14.5328 15.9757 27.4087 

1025 3 -2 13.8559 21.7285 27.4086 

1025 3 -2 13.179 19.9337 27.4085 

1025 3 -2 12.5021 18.1389 27.4086 

1025 3 -2 11.8253 16.344 27.4085 

1025 3 -2 11.1483 22.0968 27.4085 

1025 3 -2 10.4714 20.3019 27.4084 

1025 3 -2 9.7945 18.5072 27.4082 

1025 3 -2 9.11759 16.7124 27.4085 

1025 3 -2 8.44073 22.4651 27.4084 

1025 3 -2 7.76386 20.6702 27.4081 

1025 3 -2 14.6349 18.8754 27.4085 

1025 3 -2 13.9581 17.0806 27.4086 

1025 3 -2 13.2811 15.2856 27.4085 

1025 3 -2 12.6042 21.0385 27.4084 

1025 3 -2 11.9273 19.2437 27.4085 

1025 3 -2 11.2505 17.4489 27.4084 

1025 3 -2 10.5736 15.6539 27.4086 

1025 3 -2 9.89659 21.4068 27.4085 

1025 3 -2 9.21972 19.612 27.4082 

1025 3 -2 8.54284 17.8172 27.4083 

1025 3 -2 7.86593 16.0223 27.4084 

1025 3 -2 14.737 21.775 27.4087 

1025 3 -2 14.0601 19.9801 27.4086 

1025 3 -2 13.3833 18.1853 27.4086 

1025 3 -2 12.7064 16.3905 27.4085 

1025 3 -2 12.0294 22.1433 27.4085 

1025 3 -2 11.3525 20.3484 27.4084 

1025 3 -2 10.6756 18.5537 27.4083 

1025 3 -2 9.99876 16.7588 27.4085 

1025 3 -2 9.32183 22.5116 27.4084 

1025 3 -2 8.64493 20.7167 27.4082 

1025 3 -2 7.96807 18.922 27.4083 

1025 3 -2 14.8392 17.1271 27.4086 

1025 3 -2 14.1623 15.3321 27.4086 

1025 3 -2 13.4853 21.0849 27.4085 

1025 3 -2 12.8085 19.2901 27.4086 

1025 3 -2 12.1316 17.4953 27.4085 

1025 3 -2 11.4548 15.7004 27.4085 

1025 3 -2 10.7777 21.4532 27.4085 

1025 3 -2 10.1009 19.6584 27.4083 

1025 3 -2 9.42397 17.8637 27.4082 

1025 3 -2 8.74705 16.0688 27.4085 

1025 3 -2 8.0702 21.8215 27.4082 

1025 3 -2 14.9413 20.0266 27.4087 

1025 3 -2 14.2644 18.2318 27.4086 

1025 3 -2 13.5875 16.437 27.4086 

1025 3 -2 12.9105 22.1897 27.4085 

1025 3 -2 12.2336 20.3949 27.4084 

1025 3 -2 11.5568 18.6002 27.4084 

1025 3 -2 10.8799 16.8053 27.4085 

1025 3 -2 10.2029 22.5581 27.4085 

1025 3 -2 9.52604 20.7632 27.4084 

1025 3 -2 8.84917 18.9684 27.4082 

1025 3 -2 8.17228 17.1736 27.4084 

1025 3 -2 15.0434 15.3786 27.4087 

1025 3 -2 14.3664 21.1314 27.4087 

1025 3 -2 13.6896 19.3366 27.4086 

1025 3 -2 13.0127 17.5418 27.4086 

1025 3 -2 12.3359 15.7469 27.4085 

1025 3 -2 11.6589 21.4997 27.4084 

1025 3 -2 10.982 19.7049 27.4083 

1025 3 -2 10.3051 17.9102 27.4083 

1025 3 -2 9.62821 16.1152 27.4085 

1025 3 -2 8.95127 21.868 27.4084 

1025 3 -2 8.27442 20.0732 27.4082 

1025 3 -2 7.59753 18.2784 27.4084 

1025 3 -2 14.4686 16.4835 27.4086 

1025 3 -2 13.7917 22.2362 27.4086 

1025 3 -2 13.1148 20.4414 27.4085 

1025 3 -2 12.4379 18.6466 27.4086 

1025 3 -2 11.7611 16.8517 27.4085 

1025 3 -2 11.0841 22.6046 27.4085 

1025 3 -2 10.4072 20.8097 27.4085 

1025 3 -2 9.73031 19.0149 27.4082 

1025 3 -2 9.05341 17.2201 27.4084 

1025 3 -2 8.37651 15.4252 27.4085 

1025 3 -2 7.69968 21.1779 27.4082 

1025 3 -2 14.5707 19.383 27.4086 

1025 3 -2 13.8939 17.5883 27.4086 

1025 3 -2 13.217 15.7934 27.4085 

1025 3 -2 12.54 21.5462 27.4084 

1025 3 -2 11.8631 19.7514 27.4084 

1025 3 -2 11.1862 17.9566 27.4084 

1025 3 -2 10.5094 16.1617 27.4086 

1025 3 -2 9.8324 21.9145 27.4085 

1025 3 -2 9.15551 20.1196 27.4083 

1025 3 -2 8.47865 18.3249 27.4083 

1025 3 -2 7.80174 16.53 27.4084 

1025 3 -2 14.6729 22.2828 27.4087 

1025 3 -2 13.9959 20.4878 27.4086 

1025 3 -2 13.3191 18.6931 27.4086 

1025 3 -2 12.6422 16.8982 27.4085 

1025 3 -2 11.9653 15.1032 27.4085 

1025 3 -2 11.2883 20.8561 27.4084 

1025 3 -2 10.6114 19.0614 27.4083 

1025 3 -2 9.93455 17.2666 27.4084 

1025 3 -2 9.25767 15.4716 27.4086 

1025 3 -2 8.58074 21.2244 27.4083 

1025 3 -2 7.90389 19.4296 27.4083 

1025 3 -2 14.775 17.6348 27.4086 

1025 3 -2 14.0981 15.8399 27.4086 

1025 3 -2 13.4211 21.5926 27.4085 

1025 3 -2 12.7443 19.7978 27.4085 

1025 3 -2 12.0674 18.0031 27.4085 

1025 3 -2 11.3906 16.2082 27.4085 

1025 3 -2 10.7135 21.961 27.4085 

1025 3 -2 10.0366 20.1661 27.4083 

1025 3 -2 9.35978 18.3714 27.4082 

1025 3 -2 8.68285 16.5765 27.4084 

1025 3 -2 8.00604 22.3292 27.4083 

1025 3 -2 14.8771 20.5343 27.4087 

1025 3 -2 14.2002 18.7395 27.4086 

1025 3 -2 13.5233 16.9447 27.4086 

1025 3 -2 12.8464 15.1498 27.4085 

1025 3 -2 12.1694 20.9026 27.4084 

1025 3 -2 11.4926 19.1079 27.4084 

1025 3 -2 10.8157 17.3131 27.4084 

1025 3 -2 10.1389 15.5181 27.4087 

1025 3 -2 9.46184 21.2709 27.4084 

1025 3 -2 8.785 19.4761 27.4082 

1025 3 -2 8.1081 17.6813 27.4083 

1025 3 -2 14.9792 15.8864 27.4087 

1025 3 -2 14.3023 21.6392 27.4087 

1025 3 -2 13.6254 19.8443 27.4086 

1025 3 -2 12.9486 18.0495 27.4086 

1025 3 -2 12.2717 16.2546 27.4085 

1025 3 -2 11.5947 22.0074 27.4085 

1025 3 -2 10.9178 20.2126 27.4084 

1025 3 -2 10.2409 18.4178 27.4082 

1025 3 -2 9.56401 16.623 27.4085 

1025 3 -2 8.8871 22.3757 27.4084 

1025 3 -2 8.21022 20.5809 27.4082 

1025 3 -2 15.0813 18.786 27.4085 

1025 3 -2 14.4044 16.9912 27.4086 

1025 3 -2 13.7275 15.1962 27.4086 

1025 3 -2 13.0506 20.9491 27.4084 

1025 3 -2 12.3737 19.1543 27.4085 

1025 3 -2 11.6969 17.3595 27.4085 

1025 3 -2 11.02 15.5646 27.4085 

1025 3 -2 10.343 21.3174 27.4085 

1025 3 -2 9.66612 19.5226 27.4082 

1025 3 -2 8.98922 17.7278 27.4083 

1025 3 -2 8.31232 15.9329 27.4085 

1025 3 -2 7.63551 21.6856 27.4082 

1025 3 -2 14.5065 19.8907 27.4086 

1025 3 -2 13.8297 18.096 27.4086 

1025 3 -2 13.1528 16.3011 27.4085 

1025 3 -2 12.4758 22.0539 27.4085 

1025 3 -2 11.7989 20.2591 27.4084 

1025 3 -2 11.122 18.4643 27.4083 

1025 3 -2 10.4452 16.6695 27.4085 

1025 3 -2 9.76822 22.4222 27.4084 

1025 3 -2 9.09132 20.6273 27.4083 

1025 3 -2 8.41446 18.8326 27.4082 

1025 3 -2 7.73755 17.0378 27.4084 

1025 3 -2 14.6087 15.2427 27.4087 

1025 3 -2 13.9317 20.9956 27.4086 

1025 3 -2 13.2549 19.2008 27.4086 

1025 3 -2 12.578 17.406 27.4086 

1025 3 -2 11.9011 15.611 27.4085 

1025 3 -2 11.2241 21.3639 27.4084 

1025 3 -2 10.5473 19.5691 27.4083 

1025 3 -2 9.87036 17.7743 27.4083 

1025 3 -2 9.19346 15.9794 27.4085 

1025 3 -2 8.51656 21.7321 27.4083 

1025 3 -2 7.83971 19.9374 27.4082 

1025 3 -2 14.7108 18.1425 27.4085 

1025 3 -2 14.0339 16.3476 27.4086 

1025 3 -2 13.3569 22.1004 27.4085 

1025 3 -2 12.6801 20.3055 27.4084 

1025 3 -2 12.0032 18.5108 27.4085 

1025 3 -2 11.3263 16.7159 27.4085 

1025 3 -2 10.6493 22.4687 27.4085 

1025 3 -2 9.97247 20.6738 27.4084 

1025 3 -2 9.29558 18.8791 27.4082 

1025 3 -2 8.61866 17.0843 27.4084 

1025 3 -2 7.9418 15.2893 27.4084 

1025 3 -2 14.8129 21.042 27.4088 

1025 3 -2 14.136 19.2472 27.4086 

1025 3 -2 13.4591 17.4524 27.4086 

1025 3 -2 12.7822 15.6575 27.4085 

1025 3 -2 12.1053 21.4103 27.4084 

1025 3 -2 11.4284 19.6156 27.4084 

1025 3 -2 10.7515 17.8208 27.4083 

1025 3 -2 10.0746 16.0259 27.4086 

1025 3 -2 9.39766 21.7786 27.4084 

1025 3 -2 8.72078 19.9838 27.4082 

1025 3 -2 8.04392 18.1891 27.4083 

1025 3 -2 14.915 16.3941 27.4087 

1025 3 -2 14.2381 22.1469 27.4087 

1025 3 -2 13.5612 20.352 27.4085 

1025 3 -2 12.8843 18.5573 27.4086 

1025 3 -2 12.2075 16.7624 27.4085 

1025 3 -2 11.5305 22.5152 27.4085 

1025 3 -2 10.8536 20.7203 27.4084 

1025 3 -2 10.1767 18.9255 27.4082 

1025 3 -2 9.49981 17.1307 27.4084 

1025 3 -2 8.82295 15.3358 27.4086 

1025 3 -2 8.14604 21.0886 27.4082 

1025 3 -2 15.0171 19.2937 27.4086 

1025 3 -2 14.3403 17.4989 27.4085 

1025 3 -2 13.6633 15.704 27.4086 

1025 3 -2 12.9864 21.4568 27.4084 

1025 3 -2 12.3095 19.662 27.4085 

1025 3 -2 11.6327 17.8672 27.4085 

1025 3 -2 10.9558 16.0723 27.4085 

1025 3 -2 10.2788 21.8251 27.4085 

1025 3 -2 9.60192 20.0303 27.4083 

1025 3 -2 8.92505 18.2355 27.4082 

1025 3 -2 8.24814 16.4407 27.4084 

1025 3 -2 7.57133 22.1933 27.4083 

1025 3 -2 14.4423 20.3985 27.4087 

1025 3 -2 13.7655 18.6037 27.4086 

1025 3 -2 13.0886 16.8089 27.4085 

1025 3 -2 12.4116 22.5616 27.4085 

1025 3 -2 11.7347 20.7668 27.4084 

1025 3 -2 11.0578 18.972 27.4083 

1025 3 -2 10.381 17.1772 27.4084 

1025 3 -2 9.70409 15.3822 27.4086 

1025 3 -2 9.02711 21.1351 27.4084 

1025 3 -2 8.35027 19.3403 27.4083 

1025 3 -2 7.67339 17.5455 27.4084 

1025 3 -2 14.5445 15.7505 27.4087 

1025 3 -2 13.8675 21.5033 27.4086 

1025 3 -2 13.1907 19.7085 27.4085 

1025 3 -2 12.5138 17.9137 27.4086 

1025 3 -2 11.8369 16.1188 27.4085 

1025 3 -2 11.1599 21.8716 27.4085 

1025 3 -2 10.4831 20.0767 27.4084 

1025 3 -2 9.80616 18.282 27.4082 

1025 3 -2 9.12926 16.4871 27.4085 

1025 3 -2 8.45239 22.2399 27.4084 

1025 3 -2 7.77551 20.445 27.4082 

1025 3 -2 14.6466 18.6502 27.4085 

1025 3 -2 13.9697 16.8554 27.4086 

1025 3 -2 13.2928 22.6081 27.4086 

1025 3 -2 12.6158 20.8133 27.4084 

1025 3 -2 11.939 19.0185 27.4084 

1025 3 -2 11.2621 17.2237 27.4084 

1025 3 -2 10.5853 15.4287 27.4086 

1025 3 -2 9.90825 21.1815 27.4085 

1025 3 -2 9.23139 19.3868 27.4082 

1025 3 -2 8.5545 17.592 27.4083 

1025 3 -2 7.8776 15.7971 27.4084 

1025 3 -2 14.7487 21.5498 27.4087 

1025 3 -2 14.0718 19.7549 27.4086 

1025 3 -2 13.395 17.9602 27.4086 

1025 3 -2 12.7181 16.1653 27.4085 

1025 3 -2 12.0411 21.9181 27.4084 

1025 3 -2 11.3642 20.1233 27.4084 

1025 3 -2 10.6873 18.3285 27.4083 

1025 3 -2 10.0104 16.5336 27.4085 

1025 3 -2 9.33348 22.2864 27.4084 

1025 3 -2 8.65659 20.4915 27.4083 

1025 3 -2 7.97975 18.6968 27.4083 

1025 3 -2 14.8508 16.9019 27.4086 

1025 3 -2 14.1739 15.1069 27.4086 

1025 3 -2 13.497 20.8597 27.4085 

1025 3 -2 12.8201 19.0649 27.4086 

1025 3 -2 12.1433 17.2701 27.4085 

1025 3 -2 11.4664 15.4752 27.4085 

1025 3 -2 10.7894 21.228 27.4085 

1025 3 -2 10.1125 19.4332 27.4082 

1025 3 -2 9.43562 17.6385 27.4083 

1025 3 -2 8.75874 15.8436 27.4085 
