1025 3 -2 6.87114 20.8489 27.4081 

1025 3 -2 6.19422 19.0541 27.4083 

1025 3 -2 5.51731 17.2593 27.4083 

1025 3 -2 4.84041 15.4645 27.4086 

1025 3 -2 4.16358 21.2171 27.4086 

1025 3 -2 3.48668 19.4223 27.4083 

1025 3 -2 2.80975 17.6275 27.4083 

1025 3 -2 2.13279 15.8327 27.4083 

1025 3 -2 1.45598 21.5854 27.4084 

1025 3 -2 0.779126 19.7906 27.4084 

1025 3 -2 0.102225 17.9957 27.4085 

1025 3 -2 6.97316 16.201 27.4083 

1025 3 -2 6.29644 21.9537 27.4083 

1025 3 -2 5.6195 20.1589 27.4083 

1025 3 -2 4.94255 18.3641 27.4082 

1025 3 -2 4.26565 16.5693 27.4084 

1025 3 -2 3.58877 22.322 27.4086 

1025 3 -2 2.91189 20.5271 27.4084 

1025 3 -2 2.23501 18.7323 27.4084 

1025 3 -2 1.55807 16.9375 27.4084 

1025 3 -2 0.881163 15.1426 27.4083 

1025 3 -2 0.204351 20.8954 27.4085 

1025 3 -2 7.07531 19.1007 27.4083 

1025 3 -2 6.3984 17.3058 27.4084 

1025 3 -2 5.72156 15.511 27.4085 

1025 3 -2 5.04477 21.2636 27.4085 

1025 3 -2 4.36781 19.4688 27.4083 

1025 3 -2 3.69088 17.674 27.4082 

1025 3 -2 3.0139 15.8792 27.4085 

1025 3 -2 2.33709 21.6319 27.4085 

1025 3 -2 1.66023 19.8371 27.4084 

1025 3 -2 0.98333 18.0422 27.4085 

1025 3 -2 0.306439 16.2474 27.4084 

1025 3 -2 7.1775 22.0002 27.4082 

1025 3 -2 6.50059 20.2054 27.4082 

1025 3 -2 5.82365 18.4106 27.4083 

1025 3 -2 5.14677 16.6158 27.4084 

1025 3 -2 4.46997 22.3685 27.4086 

1025 3 -2 3.79303 20.5735 27.4085 

1025 3 -2 3.11613 18.7788 27.4083 

1025 3 -2 2.43918 16.984 27.4084 

1025 3 -2 1.76223 15.1891 27.4083 

1025 3 -2 1.08546 20.9419 27.4084 

1025 3 -2 0.408581 19.147 27.4085 

1025 3 -2 7.27953 17.3523 27.4084 

1025 3 -2 6.60265 15.5575 27.4083 

1025 3 -2 5.92588 21.3101 27.4083 

1025 3 -2 5.24894 19.5153 27.4082 

1025 3 -2 4.57201 17.7206 27.4082 

1025 3 -2 3.89506 15.9258 27.4085 

1025 3 -2 3.21823 21.6784 27.4086 

1025 3 -2 2.54136 19.8835 27.4084 

1025 3 -2 1.86445 18.0887 27.4085 

1025 3 -2 1.18752 16.2939 27.4083 

1025 3 -2 0.51065 22.0467 27.4085 

1025 3 -2 7.38167 20.2519 27.4082 

1025 3 -2 6.70476 18.4571 27.4084 

1025 3 -2 6.02787 16.6623 27.4083 

1025 3 -2 5.35112 22.4149 27.4085 

1025 3 -2 4.6742 20.62 27.4085 

1025 3 -2 3.99726 18.8253 27.4082 

1025 3 -2 3.32031 17.0305 27.4084 

1025 3 -2 2.64334 15.2356 27.4085 

1025 3 -2 1.96656 20.9883 27.4084 

1025 3 -2 1.28971 19.1935 27.4085 

1025 3 -2 0.612797 17.3986 27.4085 

1025 3 -2 7.48374 15.6039 27.4084 

1025 3 -2 6.80698 21.3566 27.4082 

1025 3 -2 6.13004 19.5618 27.4083 

1025 3 -2 5.45311 17.767 27.4083 

1025 3 -2 4.77623 15.9722 27.4085 

1025 3 -2 4.0994 21.7249 27.4086 

1025 3 -2 3.42249 19.93 27.4083 

1025 3 -2 2.74558 18.1352 27.4084 

1025 3 -2 2.0686 16.3404 27.4083 

1025 3 -2 1.39178 22.0932 27.4085 

1025 3 -2 0.714934 20.2983 27.4084 

1025 3 -2 0.0380326 18.5034 27.4084 

1025 3 -2 6.90898 16.7088 27.4083 

1025 3 -2 6.23223 22.4614 27.4084 

1025 3 -2 5.55534 20.6665 27.4083 

1025 3 -2 4.87837 18.8718 27.4082 

1025 3 -2 4.20146 17.077 27.4083 

1025 3 -2 3.52448 15.2821 27.4086 

1025 3 -2 2.8477 21.0348 27.4085 

1025 3 -2 2.17083 19.24 27.4085 

1025 3 -2 1.4939 17.4452 27.4084 

1025 3 -2 0.816981 15.6503 27.4083 

1025 3 -2 0.140156 21.4031 27.4085 

1025 3 -2 7.01115 19.6084 27.4083 

1025 3 -2 6.3342 17.8135 27.4083 

1025 3 -2 5.65736 16.0187 27.4084 

1025 3 -2 4.98058 21.7713 27.4085 

1025 3 -2 4.30362 19.9765 27.4084 

1025 3 -2 3.62669 18.1817 27.4083 

1025 3 -2 2.94974 16.3869 27.4084 

1025 3 -2 2.2729 22.1397 27.4086 

1025 3 -2 1.59605 20.3448 27.4084 

1025 3 -2 0.919147 18.5499 27.4085 

1025 3 -2 0.242265 16.7551 27.4084 

1025 3 -2 7.11333 22.5079 27.4083 

1025 3 -2 6.43644 20.7131 27.4082 

1025 3 -2 5.75948 18.9183 27.4083 

1025 3 -2 5.08257 17.1235 27.4083 

1025 3 -2 4.40566 15.3286 27.4086 

1025 3 -2 3.72883 21.0813 27.4086 

1025 3 -2 3.05194 19.2865 27.4083 

1025 3 -2 2.37501 17.4917 27.4084 

1025 3 -2 1.69805 15.6968 27.4083 

1025 3 -2 1.02127 21.4496 27.4084 

1025 3 -2 0.344393 19.6547 27.4085 

1025 3 -2 7.21532 17.86 27.4084 

1025 3 -2 6.53847 16.0652 27.4083 

1025 3 -2 5.8617 21.8178 27.4083 

1025 3 -2 5.18476 20.023 27.4083 

1025 3 -2 4.50783 18.2282 27.4082 

1025 3 -2 3.83089 16.4335 27.4085 

1025 3 -2 3.15404 22.1861 27.4086 

1025 3 -2 2.47716 20.3912 27.4084 

1025 3 -2 1.80028 18.5964 27.4085 

1025 3 -2 1.12334 16.8016 27.4083 

1025 3 -2 0.446445 22.5545 27.4086 

1025 3 -2 7.3175 20.7596 27.4081 

1025 3 -2 6.64059 18.9648 27.4083 

1025 3 -2 5.96369 17.17 27.4084 

1025 3 -2 5.28682 15.3751 27.4085 

1025 3 -2 4.61002 21.1278 27.4085 

1025 3 -2 3.93307 19.333 27.4083 

1025 3 -2 3.25614 17.5382 27.4083 

1025 3 -2 2.57916 15.7434 27.4084 

1025 3 -2 1.90237 21.4961 27.4084 

1025 3 -2 1.2255 19.7012 27.4085 

1025 3 -2 0.548612 17.9064 27.4085 

1025 3 -2 7.41955 16.1117 27.4083 

1025 3 -2 6.7428 21.8643 27.4082 

1025 3 -2 6.06589 20.0695 27.4082 

1025 3 -2 5.38893 18.2747 27.4082 

1025 3 -2 4.71204 16.48 27.4084 

1025 3 -2 4.03521 22.2326 27.4086 

1025 3 -2 3.35828 20.4377 27.4084 

1025 3 -2 2.6814 18.6429 27.4084 

1025 3 -2 2.00444 16.8481 27.4084 

1025 3 -2 1.32759 22.6009 27.4086 

1025 3 -2 0.650728 20.806 27.4084 

1025 3 -2 7.52169 19.0113 27.4083 

1025 3 -2 6.84478 17.2165 27.4084 

1025 3 -2 6.16794 15.4216 27.4084 

1025 3 -2 5.49117 21.1743 27.4084 

1025 3 -2 4.8142 19.3794 27.4082 

1025 3 -2 4.13727 17.5847 27.4083 

1025 3 -2 3.4603 15.7899 27.4085 

1025 3 -2 2.78348 21.5425 27.4085 

1025 3 -2 2.10662 19.7477 27.4084 

1025 3 -2 1.42972 17.9529 27.4085 

1025 3 -2 0.752795 16.158 27.4084 

1025 3 -2 0.0759245 21.9109 27.4085 

1025 3 -2 6.94697 20.116 27.4082 

1025 3 -2 6.27004 18.3212 27.4083 

1025 3 -2 5.59316 16.5264 27.4084 

1025 3 -2 4.91639 22.2791 27.4085 

1025 3 -2 4.23945 20.4842 27.4085 

1025 3 -2 3.56253 18.6894 27.4082 

1025 3 -2 2.88556 16.8946 27.4084 

1025 3 -2 2.20862 15.0998 27.4084 

1025 3 -2 1.53184 20.8525 27.4084 

1025 3 -2 0.854966 19.0576 27.4085 

1025 3 -2 0.178064 17.2628 27.4084 

1025 3 -2 7.04904 15.4681 27.4083 

1025 3 -2 6.37227 21.2208 27.4082 

1025 3 -2 5.69531 19.426 27.4082 

1025 3 -2 5.01839 17.6312 27.4082 

1025 3 -2 4.34148 15.8364 27.4086 

1025 3 -2 3.66464 21.589 27.4086 

1025 3 -2 2.98776 19.7942 27.4084 

1025 3 -2 2.31084 17.9994 27.4084 

1025 3 -2 1.63389 16.2046 27.4083 

1025 3 -2 0.957052 21.9573 27.4085 

1025 3 -2 0.280221 20.1624 27.4085 

1025 3 -2 7.15115 18.3677 27.4084 

1025 3 -2 6.47426 16.5729 27.4083 

1025 3 -2 5.79752 22.3256 27.4084 

1025 3 -2 5.12059 20.5307 27.4084 

1025 3 -2 4.44365 18.7359 27.4082 

1025 3 -2 3.7667 16.9412 27.4084 

1025 3 -2 3.08973 15.1463 27.4085 

1025 3 -2 2.41297 20.8989 27.4084 

1025 3 -2 1.7361 19.1041 27.4085 

1025 3 -2 1.05917 17.3093 27.4084 

1025 3 -2 0.382267 15.5145 27.4084 

1025 3 -2 7.25332 21.2673 27.4082 

1025 3 -2 6.57642 19.4725 27.4083 

1025 3 -2 5.8995 17.6777 27.4083 

1025 3 -2 5.22264 15.8829 27.4085 

1025 3 -2 4.54583 21.6355 27.4086 

1025 3 -2 3.86889 19.8406 27.4083 

1025 3 -2 3.19197 18.0459 27.4083 

1025 3 -2 2.515 16.2511 27.4084 

1025 3 -2 1.83817 22.0038 27.4085 

1025 3 -2 1.16133 20.2089 27.4084 

1025 3 -2 0.48442 18.4141 27.4085 

1025 3 -2 7.35534 16.6194 27.4083 

1025 3 -2 6.67861 22.3721 27.4084 

1025 3 -2 6.00172 20.5772 27.4082 

1025 3 -2 5.32476 18.7824 27.4082 

1025 3 -2 4.64784 16.9877 27.4083 

1025 3 -2 3.9709 15.1928 27.4086 

1025 3 -2 3.2941 20.9454 27.4085 

1025 3 -2 2.61723 19.1506 27.4084 

1025 3 -2 1.94029 17.3558 27.4084 

1025 3 -2 1.26333 15.561 27.4083 

1025 3 -2 0.586544 21.3138 27.4084 

1025 3 -2 7.45753 19.519 27.4083 

1025 3 -2 6.7806 17.7242 27.4084 

1025 3 -2 6.10374 15.9294 27.4084 

1025 3 -2 5.42698 21.682 27.4085 

1025 3 -2 4.75003 19.8871 27.4083 

1025 3 -2 4.0731 18.0924 27.4082 

1025 3 -2 3.39614 16.2976 27.4085 

1025 3 -2 2.71928 22.0503 27.4085 

1025 3 -2 2.04244 20.2554 27.4084 

1025 3 -2 1.36555 18.4606 27.4085 

1025 3 -2 0.688635 16.6658 27.4084 

1025 3 -2 0.0117181 22.4187 27.4086 

1025 3 -2 6.8828 20.6237 27.4081 

1025 3 -2 6.20587 18.8289 27.4084 

1025 3 -2 5.52897 17.0341 27.4083 

1025 3 -2 4.85208 15.2393 27.4086 

1025 3 -2 4.17525 20.9919 27.4085 

1025 3 -2 3.49834 19.1971 27.4083 

1025 3 -2 2.8214 17.4023 27.4084 

1025 3 -2 2.14444 15.6075 27.4083 

1025 3 -2 1.46765 21.3602 27.4084 

1025 3 -2 0.790776 19.5654 27.4085 

1025 3 -2 0.113885 17.7705 27.4085 

1025 3 -2 6.98484 15.9758 27.4083 

1025 3 -2 6.30808 21.7285 27.4083 

1025 3 -2 5.63117 19.9337 27.4083 

1025 3 -2 4.9542 18.1389 27.4082 

1025 3 -2 4.27729 16.3441 27.4085 

1025 3 -2 3.60045 22.0968 27.4086 

1025 3 -2 2.92356 20.3019 27.4084 

1025 3 -2 2.24667 18.5071 27.4084 

1025 3 -2 1.56972 16.7123 27.4083 

1025 3 -2 0.892842 22.4651 27.4086 

1025 3 -2 0.216009 20.6702 27.4085 

1025 3 -2 7.08699 18.8755 27.4083 

1025 3 -2 6.41006 17.0806 27.4083 

1025 3 -2 5.73322 15.2858 27.4085 

1025 3 -2 5.05642 21.0384 27.4084 

1025 3 -2 4.37947 19.2436 27.4083 

1025 3 -2 3.70254 17.4489 27.4083 

1025 3 -2 3.02555 15.654 27.4085 

1025 3 -2 2.34876 21.4067 27.4085 

1025 3 -2 1.67191 19.6119 27.4084 

1025 3 -2 0.994994 17.817 27.4085 

1025 3 -2 0.318098 16.0222 27.4084 

1025 3 -2 7.18915 21.775 27.4082 

1025 3 -2 6.51227 19.9802 27.4082 

1025 3 -2 5.83531 18.1854 27.4083 

1025 3 -2 5.15844 16.3906 27.4084 

1025 3 -2 4.48163 22.1432 27.4086 

1025 3 -2 3.80469 20.3483 27.4085 

1025 3 -2 3.12779 18.5536 27.4083 

1025 3 -2 2.45082 16.7588 27.4084 

1025 3 -2 1.77396 22.5116 27.4086 

1025 3 -2 1.09713 20.7167 27.4084 

1025 3 -2 0.42024 18.9218 27.4085 

1025 3 -2 7.29117 17.1271 27.4083 

1025 3 -2 6.61432 15.3323 27.4084 

1025 3 -2 5.93756 21.0849 27.4083 

1025 3 -2 5.26058 19.2901 27.4082 

1025 3 -2 4.58367 17.4954 27.4083 

1025 3 -2 3.90672 15.7005 27.4085 

1025 3 -2 3.2299 21.4532 27.4086 

1025 3 -2 2.55301 19.6583 27.4084 

1025 3 -2 1.87611 17.8635 27.4085 

1025 3 -2 1.19917 16.0687 27.4083 

1025 3 -2 0.522324 21.8215 27.4085 

1025 3 -2 7.39334 20.0267 27.4082 

1025 3 -2 6.71642 18.2319 27.4084 

1025 3 -2 6.03954 16.4371 27.4083 

1025 3 -2 5.36278 22.1897 27.4085 

1025 3 -2 4.68587 20.3948 27.4084 

1025 3 -2 4.00892 18.6001 27.4082 

1025 3 -2 3.33195 16.8053 27.4084 

1025 3 -2 2.6551 22.558 27.4086 

1025 3 -2 1.97824 20.7631 27.4084 

1025 3 -2 1.30136 18.9683 27.4085 

1025 3 -2 0.624454 17.1735 27.4084 

1025 3 -2 7.49543 15.3787 27.4084 

1025 3 -2 6.81865 21.1314 27.4081 

1025 3 -2 6.14169 19.3366 27.4083 

1025 3 -2 5.46478 17.5418 27.4083 

1025 3 -2 4.78789 15.747 27.4085 

1025 3 -2 4.11107 21.4997 27.4086 

1025 3 -2 3.43414 19.7048 27.4083 

1025 3 -2 2.75723 17.91 27.4083 

1025 3 -2 2.08027 16.1152 27.4083 

1025 3 -2 1.40345 21.868 27.4085 

1025 3 -2 0.726593 20.0731 27.4084 

1025 3 -2 0.0496988 18.2782 27.4084 

1025 3 -2 6.92064 16.4836 27.4083 

1025 3 -2 6.24391 22.2362 27.4083 

1025 3 -2 5.56699 20.4413 27.4083 

1025 3 -2 4.89003 18.6466 27.4082 

1025 3 -2 4.21312 16.8518 27.4084 

1025 3 -2 3.53625 22.6045 27.4086 

1025 3 -2 2.85934 20.8096 27.4085 

1025 3 -2 2.18249 19.0148 27.4084 

1025 3 -2 1.50554 17.22 27.4084 

1025 3 -2 0.828641 15.4251 27.4083 

1025 3 -2 0.151809 21.1779 27.4085 

1025 3 -2 7.02279 19.3832 27.4083 

1025 3 -2 6.34589 17.5883 27.4084 

1025 3 -2 5.66903 15.7935 27.4084 

1025 3 -2 4.99226 21.5461 27.4085 

1025 3 -2 4.31529 19.7513 27.4083 

1025 3 -2 3.63837 17.9565 27.4082 

1025 3 -2 2.96138 16.1618 27.4084 

1025 3 -2 2.28456 21.9144 27.4085 

1025 3 -2 1.60772 20.1196 27.4084 

1025 3 -2 0.930797 18.3247 27.4085 

1025 3 -2 0.253916 16.5299 27.4084 

1025 3 -2 7.12498 22.2827 27.4083 

1025 3 -2 6.44809 20.4879 27.4082 

1025 3 -2 5.77114 18.6931 27.4083 

1025 3 -2 5.09424 16.8983 27.4084 

1025 3 -2 4.41732 15.1034 27.4086 

1025 3 -2 3.74051 20.8561 27.4085 

1025 3 -2 3.0636 19.0613 27.4083 

1025 3 -2 2.38667 17.2665 27.4084 

1025 3 -2 1.70972 15.4716 27.4083 

1025 3 -2 1.03294 21.2244 27.4084 

1025 3 -2 0.356056 19.4295 27.4085 

1025 3 -2 7.22699 17.6348 27.4084 

1025 3 -2 6.55013 15.84 27.4083 

1025 3 -2 5.87338 21.5926 27.4084 

1025 3 -2 5.19642 19.7978 27.4083 

1025 3 -2 4.51948 18.0031 27.4082 

1025 3 -2 3.84253 16.2083 27.4085 

1025 3 -2 3.1657 21.9609 27.4086 

1025 3 -2 2.48883 20.166 27.4084 

1025 3 -2 1.81193 18.3712 27.4085 

1025 3 -2 1.13502 16.5764 27.4084 

1025 3 -2 0.458126 22.3293 27.4085 

1025 3 -2 7.32916 20.5344 27.4082 

1025 3 -2 6.65225 18.7396 27.4084 

1025 3 -2 5.97535 16.9448 27.4083 

1025 3 -2 5.29848 15.1499 27.4086 

1025 3 -2 4.62168 20.9026 27.4085 

1025 3 -2 3.94475 19.1078 27.4082 

1025 3 -2 3.2678 17.313 27.4083 

1025 3 -2 2.59082 15.5182 27.4084 

1025 3 -2 1.91405 21.2708 27.4084 

1025 3 -2 1.23717 19.476 27.4085 

1025 3 -2 0.560285 17.6812 27.4085 

1025 3 -2 7.43121 15.8865 27.4084 

1025 3 -2 6.75446 21.6391 27.4082 

1025 3 -2 6.07753 19.8443 27.4083 

1025 3 -2 5.40058 18.0495 27.4083 

1025 3 -2 4.7237 16.2548 27.4085 

1025 3 -2 4.04688 22.0074 27.4086 

1025 3 -2 3.36995 20.2125 27.4084 

1025 3 -2 2.69307 18.4177 27.4083 

1025 3 -2 2.0161 16.6229 27.4083 

1025 3 -2 1.33924 22.3757 27.4085 

1025 3 -2 0.662389 20.5808 27.4084 

1025 3 -2 7.53335 18.7861 27.4084 

1025 3 -2 6.85646 16.9913 27.4083 

1025 3 -2 6.1796 15.1964 27.4084 

1025 3 -2 5.50282 20.9491 27.4084 

1025 3 -2 4.82585 19.1543 27.4082 

1025 3 -2 4.14893 17.3595 27.4083 

1025 3 -2 3.47197 15.5647 27.4086 

1025 3 -2 2.79515 21.3173 27.4085 

1025 3 -2 2.1183 19.5225 27.4084 

1025 3 -2 1.44139 17.7277 27.4085 

1025 3 -2 0.764462 15.9329 27.4083 

1025 3 -2 0.0876081 21.6857 27.4085 

1025 3 -2 6.95862 19.8909 27.4082 

1025 3 -2 6.2817 18.096 27.4084 

1025 3 -2 5.60484 16.3012 27.4084 

1025 3 -2 4.92804 22.0539 27.4085 

1025 3 -2 4.2511 20.259 27.4084 

1025 3 -2 3.57418 18.4642 27.4082 

1025 3 -2 2.89721 16.6695 27.4084 

1025 3 -2 2.22038 22.4222 27.4086 

1025 3 -2 1.54351 20.6273 27.4084 

1025 3 -2 0.866638 18.8325 27.4085 

1025 3 -2 0.189741 17.0376 27.4084 

1025 3 -2 7.06069 15.2429 27.4084 

1025 3 -2 6.38392 20.9956 27.4082 

1025 3 -2 5.70696 19.2008 27.4083 

1025 3 -2 5.03006 17.406 27.4083 

1025 3 -2 4.35314 15.6112 27.4086 

1025 3 -2 3.6763 21.3638 27.4086 

1025 3 -2 2.9994 19.569 27.4084 

1025 3 -2 2.32249 17.7742 27.4084 

1025 3 -2 1.64553 15.9794 27.4083 

1025 3 -2 0.968725 21.7321 27.4084 

1025 3 -2 0.291861 19.9372 27.4085 

1025 3 -2 7.1628 18.1425 27.4084 

1025 3 -2 6.48593 16.3477 27.4083 

1025 3 -2 5.80919 22.1004 27.4084 

1025 3 -2 5.13226 20.3055 27.4083 

1025 3 -2 4.45529 18.5107 27.4082 

1025 3 -2 3.77835 16.716 27.4084 

1025 3 -2 3.1015 22.4687 27.4086 

1025 3 -2 2.42462 20.6738 27.4084 

1025 3 -2 1.74776 18.8789 27.4085 

1025 3 -2 1.07083 17.0841 27.4084 

1025 3 -2 0.393921 15.2893 27.4084 

1025 3 -2 7.26498 21.0421 27.4081 

1025 3 -2 6.58806 19.2473 27.4083 

1025 3 -2 5.91116 17.4525 27.4083 

1025 3 -2 5.23429 15.6577 27.4085 

1025 3 -2 4.55748 21.4103 27.4085 

1025 3 -2 3.88055 19.6154 27.4083 

1025 3 -2 3.20361 17.8207 27.4083 

1025 3 -2 2.52665 16.0259 27.4084 

1025 3 -2 1.84983 21.7786 27.4084 

1025 3 -2 1.17299 19.9837 27.4084 

1025 3 -2 0.496088 18.1889 27.4085 

1025 3 -2 7.36702 16.3942 27.4083 

1025 3 -2 6.69027 22.1468 27.4083 

1025 3 -2 6.01337 20.352 27.4082 

1025 3 -2 5.33642 18.5572 27.4082 

1025 3 -2 4.65951 16.7625 27.4084 

1025 3 -2 3.98267 22.5151 27.4086 

1025 3 -2 3.30575 20.7202 27.4085 

1025 3 -2 2.62887 18.9254 27.4084 

1025 3 -2 1.95192 17.1306 27.4084 

1025 3 -2 1.275 15.3358 27.4083 

1025 3 -2 0.5982 21.0886 27.4084 

1025 3 -2 7.46917 19.2938 27.4083 

1025 3 -2 6.79226 17.499 27.4084 

1025 3 -2 6.11541 15.7042 27.4084 

1025 3 -2 5.43864 21.4568 27.4084 

1025 3 -2 4.76169 19.6619 27.4083 

1025 3 -2 4.08474 17.8672 27.4082 

1025 3 -2 3.4078 16.0724 27.4085 

1025 3 -2 2.73095 21.8251 27.4085 

1025 3 -2 2.0541 20.0302 27.4084 

1025 3 -2 1.3772 18.2354 27.4085 

1025 3 -2 0.700295 16.4406 27.4084 

1025 3 -2 0.0233993 22.1934 27.4086 

1025 3 -2 6.89446 20.3985 27.4082 

1025 3 -2 6.21752 18.6038 27.4083 

1025 3 -2 5.54064 16.809 27.4083 

1025 3 -2 4.86385 22.5616 27.4086 

1025 3 -2 4.18692 20.7667 27.4085 

1025 3 -2 3.51 18.9719 27.4083 

1025 3 -2 2.83305 17.1772 27.4084 

1025 3 -2 2.1561 15.3823 27.4084 

1025 3 -2 1.47933 21.135 27.4084 

1025 3 -2 0.802453 19.3402 27.4085 

1025 3 -2 0.125549 17.5453 27.4085 

1025 3 -2 6.99651 15.7506 27.4083 

1025 3 -2 6.31976 21.5033 27.4083 

1025 3 -2 5.64281 19.7085 27.4083 

1025 3 -2 4.96587 17.9137 27.4082 

1025 3 -2 4.28895 16.1189 27.4085 

1025 3 -2 3.6121 21.8716 27.4086 

1025 3 -2 2.93522 20.0767 27.4084 

1025 3 -2 2.25832 18.2819 27.4084 

1025 3 -2 1.58138 16.4871 27.4083 

1025 3 -2 0.904514 22.2399 27.4085 

1025 3 -2 0.227675 20.445 27.4085 

1025 3 -2 7.09864 18.6503 27.4084 

1025 3 -2 6.42173 16.8554 27.4084 

1025 3 -2 5.74499 22.6081 27.4085 

1025 3 -2 5.06809 20.8132 27.4084 

1025 3 -2 4.39113 19.0184 27.4082 

1025 3 -2 3.71419 17.2237 27.4083 

1025 3 -2 3.03721 15.4288 27.4085 

1025 3 -2 2.36044 21.1815 27.4084 

1025 3 -2 1.68357 19.3867 27.4085 

1025 3 -2 1.00666 17.5918 27.4085 

1025 3 -2 0.329743 15.797 27.4084 

1025 3 -2 7.20081 21.5498 27.4082 

1025 3 -2 6.52391 19.755 27.4083 

1025 3 -2 5.84696 17.9602 27.4083 

1025 3 -2 5.1701 16.1654 27.4085 

1025 3 -2 4.4933 21.918 27.4086 

1025 3 -2 3.81636 20.1232 27.4084 

1025 3 -2 3.13946 18.3284 27.4083 

1025 3 -2 2.46249 16.5336 27.4084 

1025 3 -2 1.78564 22.2863 27.4086 

1025 3 -2 1.10878 20.4914 27.4084 

1025 3 -2 0.431886 18.6966 27.4085 

1025 3 -2 7.30283 16.9019 27.4083 

1025 3 -2 6.626 15.107 27.4084 

1025 3 -2 5.94919 20.8597 27.4083 

1025 3 -2 5.27223 19.0649 27.4083 

1025 3 -2 4.59533 17.2702 27.4083 

1025 3 -2 3.91839 15.4753 27.4086 

1025 3 -2 3.24155 21.228 27.4085 

1025 3 -2 2.56468 19.4331 27.4084 

1025 3 -2 1.88776 17.6383 27.4084 

1025 3 -2 1.21082 15.8435 27.4083 
