1025 3 -2 6.87116 5.75298 27.4088 

1025 3 -2 6.19427 3.95799 27.4087 

1025 3 -2 5.51739 2.16306 27.4087 

1025 3 -2 4.84051 0.368143 27.4086 

1025 3 -2 4.16342 6.12134 27.4088 

1025 3 -2 3.48655 4.32638 27.4089 

1025 3 -2 2.80967 2.5314 27.4088 

1025 3 -2 2.13282 0.736454 27.4087 

1025 3 -2 1.4558 6.48965 27.4088 

1025 3 -2 0.778899 4.69471 27.4086 

1025 3 -2 0.102029 2.89979 27.4086 

1025 3 -2 6.9733 1.10467 27.4087 

1025 3 -2 6.29633 6.85791 27.409 

1025 3 -2 5.61944 5.06289 27.4089 

1025 3 -2 4.94259 3.26792 27.4088 

1025 3 -2 4.26569 1.47299 27.4086 

1025 3 -2 3.5886 7.22623 27.4088 

1025 3 -2 2.91173 5.43129 27.4088 

1025 3 -2 2.23484 3.6363 27.4087 

1025 3 -2 1.55798 1.84136 27.4088 

1025 3 -2 0.881164 0.0464137 27.4086 

1025 3 -2 0.204131 5.79958 27.4086 

1025 3 -2 7.07539 4.00447 27.4087 

1025 3 -2 6.39852 2.20954 27.4087 

1025 3 -2 5.72167 0.414605 27.4085 

1025 3 -2 5.04459 6.16781 27.4089 

1025 3 -2 4.36773 4.37283 27.409 

1025 3 -2 3.69087 2.57786 27.4087 

1025 3 -2 3.01398 0.782907 27.4086 

1025 3 -2 2.33692 6.53615 27.4088 

1025 3 -2 1.66003 4.74119 27.4087 

1025 3 -2 0.983146 2.94625 27.4087 

1025 3 -2 0.306326 1.15132 27.4087 

1025 3 -2 7.17753 6.9044 27.4089 

1025 3 -2 6.5006 5.10936 27.4088 

1025 3 -2 5.82372 3.31441 27.4088 

1025 3 -2 5.14685 1.51946 27.4086 

1025 3 -2 4.46978 7.27272 27.4088 

1025 3 -2 3.79288 5.47776 27.4089 

1025 3 -2 3.11601 3.68278 27.4089 

1025 3 -2 2.43915 1.88779 27.4088 

1025 3 -2 1.7623 0.0928598 27.4086 

1025 3 -2 1.08524 5.84607 27.4087 

1025 3 -2 0.408364 4.0511 27.4086 

1025 3 -2 7.27965 2.25602 27.4087 

1025 3 -2 6.60277 0.461078 27.4085 

1025 3 -2 5.92577 6.21427 27.4089 

1025 3 -2 5.24891 4.41929 27.4089 

1025 3 -2 4.57204 2.62432 27.4087 

1025 3 -2 3.89516 0.8294 27.4085 

1025 3 -2 3.21806 6.58263 27.4088 

1025 3 -2 2.54117 4.78769 27.4088 

1025 3 -2 1.8643 2.99272 27.4088 

1025 3 -2 1.18745 1.19776 27.4088 

1025 3 -2 0.510472 6.95092 27.4087 

1025 3 -2 7.38175 5.15585 27.4088 

1025 3 -2 6.70486 3.36088 27.4087 

1025 3 -2 6.02797 1.56593 27.4087 

1025 3 -2 5.35096 7.31919 27.4089 

1025 3 -2 4.67406 5.52422 27.4089 

1025 3 -2 3.9972 3.72922 27.4089 

1025 3 -2 3.32033 1.93426 27.4087 

1025 3 -2 2.64343 0.139325 27.4086 

1025 3 -2 1.96639 5.89255 27.4088 

1025 3 -2 1.28948 4.0976 27.4086 

1025 3 -2 0.612625 2.30266 27.4088 

1025 3 -2 7.48386 0.50756 27.4085 

1025 3 -2 6.80696 6.26076 27.4089 

1025 3 -2 6.13006 4.46576 27.4088 

1025 3 -2 5.45318 2.67079 27.4087 

1025 3 -2 4.7763 0.87588 27.4085 

1025 3 -2 4.09922 6.62911 27.4088 

1025 3 -2 3.42234 4.83415 27.409 

1025 3 -2 2.74547 3.03918 27.4088 

1025 3 -2 2.06862 1.2442 27.4088 

1025 3 -2 1.39159 6.99741 27.4088 

1025 3 -2 0.714704 5.20246 27.4086 

1025 3 -2 0.0378334 3.40752 27.4087 

1025 3 -2 6.90911 1.61241 27.4087 

1025 3 -2 6.23215 7.36569 27.4089 

1025 3 -2 5.55523 5.57067 27.4089 

1025 3 -2 4.87838 3.77568 27.4089 

1025 3 -2 4.20149 1.98074 27.4086 

1025 3 -2 3.52458 0.185817 27.4086 

1025 3 -2 2.84752 5.93904 27.4088 

1025 3 -2 2.17064 4.14407 27.4087 

1025 3 -2 1.49376 2.34912 27.4088 

1025 3 -2 0.816955 0.554179 27.4087 

1025 3 -2 0.139957 6.30733 27.4086 

1025 3 -2 7.01121 4.51223 27.4087 

1025 3 -2 6.33431 2.71728 27.4087 

1025 3 -2 5.65745 0.922342 27.4086 

1025 3 -2 4.98041 6.67558 27.4088 

1025 3 -2 4.30352 4.8806 27.409 

1025 3 -2 3.62665 3.08563 27.4088 

1025 3 -2 2.94977 1.29067 27.4087 

1025 3 -2 2.27273 7.0439 27.4088 

1025 3 -2 1.59583 5.24895 27.4087 

1025 3 -2 0.918945 3.45399 27.4087 

1025 3 -2 0.242115 1.65908 27.4087 

1025 3 -2 7.11333 7.41219 27.4089 

1025 3 -2 6.4364 5.61714 27.4089 

1025 3 -2 5.75952 3.82215 27.4088 

1025 3 -2 5.08265 2.0272 27.4086 

1025 3 -2 4.40576 0.232295 27.4086 

1025 3 -2 3.72868 5.9855 27.4089 

1025 3 -2 3.0518 4.19054 27.4089 

1025 3 -2 2.37493 2.39557 27.4088 

1025 3 -2 1.69809 0.600622 27.4088 

1025 3 -2 1.02105 6.35382 27.4088 

1025 3 -2 0.344164 4.55887 27.4086 

1025 3 -2 7.21545 2.76376 27.4087 

1025 3 -2 6.53857 0.968811 27.4086 

1025 3 -2 5.86158 6.72206 27.4089 

1025 3 -2 5.1847 4.92706 27.4089 

1025 3 -2 4.50783 3.13208 27.4088 

1025 3 -2 3.83096 1.33714 27.4086 

1025 3 -2 3.15387 7.09038 27.4088 

1025 3 -2 2.47698 5.29544 27.4088 

1025 3 -2 1.80007 3.50047 27.4087 

1025 3 -2 1.12324 1.70552 27.4088 

1025 3 -2 0.446316 7.45866 27.4087 

1025 3 -2 7.31757 5.66362 27.4088 

1025 3 -2 6.64067 3.86864 27.4087 

1025 3 -2 5.96379 2.07368 27.4087 

1025 3 -2 5.28692 0.278764 27.4085 

1025 3 -2 4.60986 6.03197 27.4089 

1025 3 -2 3.93297 4.23699 27.409 

1025 3 -2 3.25612 2.44203 27.4087 

1025 3 -2 2.57923 0.647076 27.4087 

1025 3 -2 1.90219 6.40029 27.4088 

1025 3 -2 1.22529 4.60535 27.4086 

1025 3 -2 0.548416 2.8104 27.4087 

1025 3 -2 7.41968 1.01529 27.4086 

1025 3 -2 6.74276 6.76853 27.409 

1025 3 -2 6.06587 4.97352 27.4088 

1025 3 -2 5.389 3.17854 27.4088 

1025 3 -2 4.71211 1.38362 27.4086 

1025 3 -2 4.03503 7.13685 27.4087 

1025 3 -2 3.35814 5.34191 27.4089 

1025 3 -2 2.68126 3.54694 27.4088 

1025 3 -2 2.0044 1.75196 27.4088 

1025 3 -2 1.3274 7.50517 27.4088 

1025 3 -2 0.650528 5.71023 27.4086 

1025 3 -2 7.5218 3.91511 27.4087 

1025 3 -2 6.84492 2.12016 27.4087 

1025 3 -2 6.16805 0.325231 27.4085 

1025 3 -2 5.49103 6.07843 27.4089 

1025 3 -2 4.81417 4.28345 27.409 

1025 3 -2 4.1373 2.48849 27.4087 

1025 3 -2 3.46041 0.693543 27.4086 

1025 3 -2 2.78331 6.4468 27.4088 

1025 3 -2 2.10643 4.65184 27.4087 

1025 3 -2 1.42956 2.85685 27.4087 

1025 3 -2 0.752732 1.06193 27.4087 

1025 3 -2 0.0757736 6.81507 27.4086 

1025 3 -2 6.94702 5.01999 27.4087 

1025 3 -2 6.27014 3.22502 27.4087 

1025 3 -2 5.59325 1.43008 27.4086 

1025 3 -2 4.91621 7.18335 27.4088 

1025 3 -2 4.23931 5.38838 27.409 

1025 3 -2 3.56244 3.59339 27.4089 

1025 3 -2 2.88557 1.79841 27.4087 

1025 3 -2 2.2087 0.00347548 27.4086 

1025 3 -2 1.53164 5.75672 27.4087 

1025 3 -2 0.854756 3.96174 27.4086 

1025 3 -2 0.17789 2.16684 27.4087 

1025 3 -2 7.04915 0.371716 27.4085 

1025 3 -2 6.37221 6.12491 27.4089 

1025 3 -2 5.69534 4.3299 27.4088 

1025 3 -2 5.01846 2.53495 27.4087 

1025 3 -2 4.34158 0.740027 27.4086 

1025 3 -2 3.66448 6.49327 27.4088 

1025 3 -2 2.9876 4.69831 27.4089 

1025 3 -2 2.31072 2.90332 27.4088 

1025 3 -2 1.63387 1.10836 27.4088 

1025 3 -2 0.956865 6.86156 27.4088 

1025 3 -2 0.279974 5.06663 27.4086 

1025 3 -2 7.15127 3.27151 27.4087 

1025 3 -2 6.47438 1.47656 27.4087 

1025 3 -2 5.79738 7.22984 27.4089 

1025 3 -2 5.12049 5.43483 27.4089 

1025 3 -2 4.44363 3.63983 27.4089 

1025 3 -2 3.76675 1.84488 27.4086 

1025 3 -2 3.08984 0.0499541 27.4086 

1025 3 -2 2.41279 5.80319 27.4088 

1025 3 -2 1.73588 4.00822 27.4087 

1025 3 -2 1.05902 2.2133 27.4088 

1025 3 -2 0.382225 0.418348 27.4086 

1025 3 -2 7.25338 6.1714 27.4089 

1025 3 -2 6.57647 4.37638 27.4087 

1025 3 -2 5.89959 2.58144 27.4087 

1025 3 -2 5.22271 0.786494 27.4085 

1025 3 -2 4.54563 6.53974 27.4088 

1025 3 -2 3.86876 4.74478 27.409 

1025 3 -2 3.1919 2.94977 27.4088 

1025 3 -2 2.51503 1.15483 27.4088 

1025 3 -2 1.83799 6.90805 27.4088 

1025 3 -2 1.1611 5.11309 27.4086 

1025 3 -2 0.484219 3.31815 27.4086 

1025 3 -2 7.3555 1.52304 27.4087 

1025 3 -2 6.67857 7.27633 27.409 

1025 3 -2 6.00164 5.48129 27.4089 

1025 3 -2 5.32479 3.6863 27.4088 

1025 3 -2 4.6479 1.89134 27.4086 

1025 3 -2 3.971 0.0964514 27.4086 

1025 3 -2 3.29393 5.84966 27.4089 

1025 3 -2 2.61706 4.0547 27.4088 

1025 3 -2 1.94018 2.25974 27.4088 

1025 3 -2 1.26335 0.46478 27.4087 

1025 3 -2 0.586333 6.21796 27.4087 

1025 3 -2 7.45762 4.42285 27.4087 

1025 3 -2 6.78072 2.62792 27.4087 

1025 3 -2 6.10384 0.832978 27.4086 

1025 3 -2 5.42682 6.58621 27.4089 

1025 3 -2 4.74995 4.79123 27.4089 

1025 3 -2 4.07308 2.99624 27.4088 

1025 3 -2 3.3962 1.2013 27.4086 

1025 3 -2 2.71912 6.95453 27.4088 

1025 3 -2 2.04224 5.15959 27.4087 

1025 3 -2 1.36535 3.36462 27.4087 

1025 3 -2 0.688503 1.56969 27.4087 

1025 3 -2 0.0115916 7.3228 27.4086 

1025 3 -2 6.88281 5.52776 27.4088 

1025 3 -2 6.20593 3.73278 27.4087 

1025 3 -2 5.52904 1.93783 27.4087 

1025 3 -2 4.85218 0.142927 27.4086 

1025 3 -2 4.1751 5.89613 27.4089 

1025 3 -2 3.49822 4.10116 27.4089 

1025 3 -2 2.82136 2.30619 27.4088 

1025 3 -2 2.1445 0.511237 27.4087 

1025 3 -2 1.46745 6.26444 27.4088 

1025 3 -2 0.790558 4.46951 27.4086 

1025 3 -2 0.113707 2.67457 27.4087 

1025 3 -2 6.98495 0.879448 27.4086 

1025 3 -2 6.30799 6.63268 27.4089 

1025 3 -2 5.63112 4.83767 27.4089 

1025 3 -2 4.95424 3.04271 27.4088 

1025 3 -2 4.27736 1.24778 27.4085 

1025 3 -2 3.60027 7.00102 27.4088 

1025 3 -2 2.9234 5.20606 27.4089 

1025 3 -2 2.2465 3.41109 27.4088 

1025 3 -2 1.56966 1.61613 27.4088 

1025 3 -2 0.892691 7.3693 27.4088 

1025 3 -2 0.215787 5.57437 27.4086 

1025 3 -2 7.08707 3.77926 27.4087 

1025 3 -2 6.41018 1.98431 27.4087 

1025 3 -2 5.73332 0.189395 27.4085 

1025 3 -2 5.05627 5.94259 27.4089 

1025 3 -2 4.37941 4.14761 27.409 

1025 3 -2 3.70254 2.35265 27.4087 

1025 3 -2 3.02564 0.557712 27.4086 

1025 3 -2 2.34859 6.31093 27.4089 

1025 3 -2 1.6717 4.51598 27.4087 

1025 3 -2 0.994814 2.72104 27.4087 

1025 3 -2 0.318013 0.926107 27.4086 

1025 3 -2 7.1892 6.67919 27.4089 

1025 3 -2 6.51228 4.88414 27.4087 

1025 3 -2 5.83538 3.08917 27.4087 

1025 3 -2 5.15852 1.29425 27.4086 

1025 3 -2 4.48143 7.04749 27.4088 

1025 3 -2 3.80456 5.25253 27.4089 

1025 3 -2 3.12768 3.45755 27.4089 

1025 3 -2 2.45082 1.66258 27.4088 

1025 3 -2 1.7738 7.41579 27.4088 

1025 3 -2 1.09691 5.62085 27.4087 

1025 3 -2 0.420027 3.82591 27.4086 

1025 3 -2 7.2913 2.03079 27.4087 

1025 3 -2 6.61442 0.235855 27.4085 

1025 3 -2 5.93745 5.98904 27.4089 

1025 3 -2 5.26059 4.19405 27.4089 

1025 3 -2 4.58371 2.39911 27.4087 

1025 3 -2 3.90681 0.604191 27.4086 

1025 3 -2 3.22972 6.35742 27.4088 

1025 3 -2 2.55284 4.56246 27.4088 

1025 3 -2 1.87597 2.76749 27.4088 

1025 3 -2 1.19914 0.972536 27.4088 

1025 3 -2 0.522147 6.72571 27.4087 

1025 3 -2 7.39341 4.93062 27.4087 

1025 3 -2 6.71651 3.13565 27.4087 

1025 3 -2 6.03965 1.34072 27.4086 

1025 3 -2 5.36263 7.09397 27.4089 

1025 3 -2 4.68574 5.29898 27.4089 

1025 3 -2 4.00888 3.50401 27.4089 

1025 3 -2 3.33199 1.70904 27.4087 

1025 3 -2 2.65494 7.46228 27.4088 

1025 3 -2 1.97804 5.66735 27.4088 

1025 3 -2 1.30115 3.87239 27.4086 

1025 3 -2 0.624306 2.07744 27.4087 

1025 3 -2 7.49551 0.282355 27.4084 

1025 3 -2 6.81863 6.03553 27.4089 

1025 3 -2 6.14174 4.24053 27.4087 

1025 3 -2 5.46486 2.44558 27.4087 

1025 3 -2 4.78798 0.650671 27.4085 

1025 3 -2 4.11089 6.40389 27.4088 

1025 3 -2 3.43401 4.60894 27.409 

1025 3 -2 2.75714 2.81395 27.4088 

1025 3 -2 2.08028 1.01898 27.4088 

1025 3 -2 1.40327 6.77219 27.4088 

1025 3 -2 0.726369 4.97726 27.4086 

1025 3 -2 0.0494954 3.18231 27.4087 

1025 3 -2 6.92077 1.38718 27.4087 

1025 3 -2 6.2438 7.14047 27.409 

1025 3 -2 5.56691 5.34545 27.4089 

1025 3 -2 4.89005 3.55047 27.4089 

1025 3 -2 4.21316 1.75551 27.4086 

1025 3 -2 3.53608 7.50877 27.4088 

1025 3 -2 2.8592 5.71381 27.4088 

1025 3 -2 2.1823 3.91885 27.4087 

1025 3 -2 1.50544 2.1239 27.4088 

1025 3 -2 0.828638 0.328956 27.4087 

1025 3 -2 0.151606 6.08211 27.4086 

1025 3 -2 7.02289 4.28702 27.4087 

1025 3 -2 6.34598 2.49206 27.4087 

1025 3 -2 5.66912 0.697137 27.4085 

1025 3 -2 4.99207 6.45037 27.4088 

1025 3 -2 4.3152 4.65539 27.409 

1025 3 -2 3.63833 2.86039 27.4088 

1025 3 -2 2.96144 1.06544 27.4087 

1025 3 -2 2.28439 6.81869 27.4088 

1025 3 -2 1.60751 5.02375 27.4087 

1025 3 -2 0.930598 3.22878 27.4087 

1025 3 -2 0.253783 1.43386 27.4087 

1025 3 -2 7.12499 7.18696 27.409 

1025 3 -2 6.44809 5.39191 27.4088 

1025 3 -2 5.7712 3.59693 27.4088 

1025 3 -2 5.09431 1.80199 27.4086 

1025 3 -2 4.41743 0.00707695 27.4086 

1025 3 -2 3.74035 5.76029 27.4089 

1025 3 -2 3.06349 3.96532 27.4089 

1025 3 -2 2.3866 2.17034 27.4088 

1025 3 -2 1.70976 0.375398 27.4087 

1025 3 -2 1.03272 6.12861 27.4087 

1025 3 -2 0.355819 4.33366 27.4086 

1025 3 -2 7.22711 2.53855 27.4087 

1025 3 -2 6.55023 0.743599 27.4086 

1025 3 -2 5.87326 6.49683 27.4089 

1025 3 -2 5.19638 4.70184 27.4089 

1025 3 -2 4.51951 2.90686 27.4088 

1025 3 -2 3.84262 1.11192 27.4086 

1025 3 -2 3.16553 6.86516 27.4088 

1025 3 -2 2.48864 5.07022 27.4088 

1025 3 -2 1.81176 3.27526 27.4087 

1025 3 -2 1.13492 1.4803 27.4088 

1025 3 -2 0.457954 7.23347 27.4087 

1025 3 -2 7.32923 5.4384 27.4088 

1025 3 -2 6.65233 3.6434 27.4087 

1025 3 -2 5.97544 1.84846 27.4087 

1025 3 -2 5.29858 0.0535649 27.4085 

1025 3 -2 4.62153 5.80676 27.4089 

1025 3 -2 3.94466 4.01176 27.409 

1025 3 -2 3.26778 2.21679 27.4087 

1025 3 -2 2.59091 0.421867 27.4087 

1025 3 -2 1.91386 6.17509 27.4088 

1025 3 -2 1.23695 4.38014 27.4086 

1025 3 -2 0.560085 2.58519 27.4087 

1025 3 -2 7.43134 0.790089 27.4085 

1025 3 -2 6.75443 6.54332 27.409 

1025 3 -2 6.07753 4.7483 27.4088 

1025 3 -2 5.40066 2.95333 27.4088 

1025 3 -2 4.72377 1.15841 27.4086 

1025 3 -2 4.04669 6.91166 27.4088 

1025 3 -2 3.36982 5.11668 27.409 

1025 3 -2 2.69293 3.32172 27.4088 

1025 3 -2 2.01606 1.52674 27.4088 

1025 3 -2 1.33908 7.27996 27.4088 

1025 3 -2 0.662173 5.48501 27.4086 

1025 3 -2 7.53346 3.68989 27.4087 

1025 3 -2 6.85659 1.89495 27.4087 

1025 3 -2 6.17971 0.100026 27.4085 

1025 3 -2 5.50269 5.85322 27.4089 

1025 3 -2 4.82585 4.05823 27.4089 

1025 3 -2 4.14897 2.26327 27.4087 

1025 3 -2 3.47206 0.468346 27.4086 

1025 3 -2 2.79499 6.22156 27.4088 

1025 3 -2 2.1181 4.42662 27.4087 

1025 3 -2 1.44123 2.63166 27.4088 

1025 3 -2 0.764412 0.836726 27.4087 

1025 3 -2 0.0874343 6.58985 27.4086 

1025 3 -2 6.95867 4.79477 27.4087 

1025 3 -2 6.28179 2.99981 27.4087 

1025 3 -2 5.60492 1.20488 27.4086 

1025 3 -2 4.92785 6.95811 27.4088 

1025 3 -2 4.25097 5.16315 27.409 

1025 3 -2 3.57411 3.36818 27.4089 

1025 3 -2 2.89724 1.5732 27.4087 

1025 3 -2 2.2202 7.32643 27.4088 

1025 3 -2 1.54331 5.5315 27.4087 

1025 3 -2 0.866432 3.73653 27.4086 

1025 3 -2 0.189575 1.94163 27.4087 

1025 3 -2 7.06081 0.146507 27.4084 

1025 3 -2 6.38387 5.89969 27.4089 

1025 3 -2 5.70699 4.10469 27.4088 

1025 3 -2 5.03013 2.30975 27.4087 

1025 3 -2 4.35323 0.514828 27.4086 

1025 3 -2 3.67614 6.26803 27.4088 

1025 3 -2 2.99926 4.47309 27.4089 

1025 3 -2 2.32238 2.6781 27.4088 

1025 3 -2 1.64555 0.883162 27.4088 

1025 3 -2 0.968522 6.63635 27.4087 

1025 3 -2 0.291646 4.84139 27.4086 

1025 3 -2 7.16293 3.04629 27.4087 

1025 3 -2 6.48605 1.25133 27.4087 

1025 3 -2 5.80904 7.0046 27.4089 

1025 3 -2 5.13216 5.2096 27.4089 

1025 3 -2 4.45529 3.41463 27.4089 

1025 3 -2 3.77842 1.61967 27.4086 

1025 3 -2 3.10134 7.37292 27.4088 

1025 3 -2 2.42444 5.57797 27.4088 

1025 3 -2 1.74755 3.78301 27.4087 

1025 3 -2 1.0707 1.98807 27.4088 

1025 3 -2 0.3939 0.193119 27.4086 

1025 3 -2 7.26504 5.94616 27.4089 

1025 3 -2 6.58813 4.15115 27.4087 

1025 3 -2 5.91125 2.35623 27.4087 

1025 3 -2 5.23439 0.561303 27.4085 

1025 3 -2 4.55731 6.3145 27.4088 

1025 3 -2 3.88043 4.51955 27.409 

1025 3 -2 3.20357 2.72456 27.4088 

1025 3 -2 2.5267 0.929613 27.4087 

1025 3 -2 1.84967 6.68282 27.4088 

1025 3 -2 1.17277 4.88789 27.4086 

1025 3 -2 0.495898 3.09295 27.4087 

1025 3 -2 7.36717 1.29782 27.4086 

1025 3 -2 6.69023 7.0511 27.409 

1025 3 -2 6.01331 5.25607 27.4088 

1025 3 -2 5.33647 3.4611 27.4088 

1025 3 -2 4.65958 1.66615 27.4086 

1025 3 -2 3.98249 7.41939 27.4087 

1025 3 -2 3.3056 5.62445 27.4089 

1025 3 -2 2.62871 3.82948 27.4088 

1025 3 -2 1.95187 2.03453 27.4088 

1025 3 -2 1.27504 0.239572 27.4086 

1025 3 -2 0.597995 5.99274 27.4087 

1025 3 -2 7.46926 4.19765 27.4087 

1025 3 -2 6.7924 2.4027 27.4087 

1025 3 -2 6.11551 0.607755 27.4086 

1025 3 -2 5.43848 6.36098 27.4089 

1025 3 -2 4.76162 4.56601 27.409 

1025 3 -2 4.08477 2.77102 27.4087 

1025 3 -2 3.40785 0.976081 27.4086 

1025 3 -2 2.73079 6.72932 27.4088 

1025 3 -2 2.05391 4.93438 27.4087 

1025 3 -2 1.377 3.13942 27.4087 

1025 3 -2 0.700183 1.34447 27.4087 

1025 3 -2 0.0232506 7.0976 27.4086 

1025 3 -2 6.89449 5.30254 27.4088 

1025 3 -2 6.2176 3.50756 27.4087 

1025 3 -2 5.54072 1.71261 27.4086 

1025 3 -2 4.86367 7.46589 27.4088 

1025 3 -2 4.18677 5.67091 27.4089 

1025 3 -2 3.5099 3.87593 27.4089 

1025 3 -2 2.83303 2.08096 27.4088 

1025 3 -2 2.15616 0.28602 27.4086 

1025 3 -2 1.47912 6.03925 27.4088 

1025 3 -2 0.802224 4.24429 27.4086 

1025 3 -2 0.125359 2.44937 27.4087 

1025 3 -2 6.99662 0.65423 27.4086 

1025 3 -2 6.31967 6.40748 27.409 

1025 3 -2 5.64279 4.61246 27.4088 

1025 3 -2 4.96593 2.81749 27.4087 

1025 3 -2 4.28903 1.02257 27.4086 

1025 3 -2 3.61194 6.7758 27.4088 

1025 3 -2 2.93506 4.98084 27.4088 

1025 3 -2 2.25818 3.18589 27.4088 

1025 3 -2 1.58134 1.39091 27.4088 

1025 3 -2 0.904334 7.14409 27.4088 

1025 3 -2 0.227455 5.34916 27.4086 

1025 3 -2 7.09874 3.55403 27.4087 

1025 3 -2 6.42184 1.7591 27.4087 

1025 3 -2 5.74484 7.51239 27.4089 

1025 3 -2 5.06795 5.71738 27.4089 

1025 3 -2 4.39108 3.92238 27.4089 

1025 3 -2 3.71422 2.12743 27.4087 

1025 3 -2 3.0373 0.332501 27.4086 

1025 3 -2 2.36026 6.08572 27.4088 

1025 3 -2 1.68335 4.29077 27.4086 

1025 3 -2 1.00648 2.49582 27.4088 

1025 3 -2 0.329685 0.700877 27.4086 

1025 3 -2 7.20086 6.45395 27.409 

1025 3 -2 6.52393 4.65892 27.4087 

1025 3 -2 5.84705 2.86397 27.4087 

1025 3 -2 5.17019 1.06903 27.4086 

1025 3 -2 4.49311 6.82227 27.4088 

1025 3 -2 3.81623 5.02732 27.409 

1025 3 -2 3.13936 3.23233 27.4088 

1025 3 -2 2.4625 1.43736 27.4088 

1025 3 -2 1.78548 7.19058 27.4088 

1025 3 -2 1.10856 5.39565 27.4087 

1025 3 -2 0.43168 3.60067 27.4086 

1025 3 -2 7.30297 1.80558 27.4087 

1025 3 -2 6.62609 0.0106577 27.4084 

1025 3 -2 5.94911 5.76384 27.4089 

1025 3 -2 5.27226 3.96884 27.4089 

1025 3 -2 4.59539 2.17389 27.4086 

1025 3 -2 3.91849 0.37898 27.4086 

1025 3 -2 3.2414 6.13221 27.4088 

1025 3 -2 2.56451 4.33725 27.4088 

1025 3 -2 1.88764 2.54228 27.4088 

1025 3 -2 1.21082 0.747329 27.4087 
