1025 3 -2 14.4191 5.7531 27.4084 

1025 3 -2 13.7422 3.95826 27.4085 

1025 3 -2 13.0653 2.1633 27.4087 

1025 3 -2 12.3883 0.368185 27.4086 

1025 3 -2 11.7116 6.12132 27.4085 

1025 3 -2 11.0347 4.32642 27.4086 

1025 3 -2 10.3577 2.53142 27.4085 

1025 3 -2 9.68072 0.736473 27.4084 

1025 3 -2 9.00405 6.48963 27.4087 

1025 3 -2 8.32709 4.69458 27.4087 

1025 3 -2 7.65018 2.89961 27.4087 

1025 3 -2 14.5212 1.10489 27.4086 

1025 3 -2 13.8444 6.85789 27.4085 

1025 3 -2 13.1675 5.06303 27.4084 

1025 3 -2 12.4905 3.26817 27.4085 

1025 3 -2 11.8135 1.47311 27.4086 

1025 3 -2 11.1369 7.2262 27.4086 

1025 3 -2 10.46 5.43124 27.4087 

1025 3 -2 9.78297 3.63623 27.4087 

1025 3 -2 9.10602 1.84127 27.4085 

1025 3 -2 8.4291 0.0463652 27.4084 

1025 3 -2 7.75232 5.79948 27.4088 

1025 3 -2 14.6233 4.00474 27.4086 

1025 3 -2 13.9464 2.20982 27.4086 

1025 3 -2 13.2694 0.414689 27.4087 

1025 3 -2 12.5927 6.16779 27.4086 

1025 3 -2 11.9158 4.37295 27.4085 

1025 3 -2 11.2388 2.57799 27.4085 

1025 3 -2 10.5618 0.782953 27.4084 

1025 3 -2 9.88518 6.53611 27.4086 

1025 3 -2 9.20824 4.7411 27.4088 

1025 3 -2 8.5313 2.94609 27.4087 

1025 3 -2 7.8544 1.15115 27.4086 

1025 3 -2 14.7254 6.90439 27.4084 

1025 3 -2 14.0486 5.10954 27.4085 

1025 3 -2 13.3716 3.3147 27.4085 

1025 3 -2 12.6947 1.51963 27.4087 

1025 3 -2 12.018 7.27269 27.4086 

1025 3 -2 11.3411 5.47774 27.4086 

1025 3 -2 10.6641 3.68279 27.4086 

1025 3 -2 9.98709 1.88779 27.4084 

1025 3 -2 9.31017 0.0928867 27.4084 

1025 3 -2 8.63348 5.84599 27.4088 

1025 3 -2 7.95653 4.05095 27.4087 

1025 3 -2 14.8276 2.25632 27.4085 

1025 3 -2 14.1506 0.461229 27.4086 

1025 3 -2 13.4738 6.21431 27.4085 

1025 3 -2 12.7969 4.41948 27.4084 

1025 3 -2 12.1199 2.62455 27.4086 

1025 3 -2 11.4429 0.829451 27.4085 

1025 3 -2 10.7663 6.5826 27.4085 

1025 3 -2 10.0894 4.78762 27.4088 

1025 3 -2 9.41239 2.99261 27.4086 

1025 3 -2 8.73548 1.19768 27.4084 

1025 3 -2 8.05871 6.95091 27.4089 

1025 3 -2 14.9297 5.15603 27.4086 

1025 3 -2 14.2528 3.36118 27.4086 

1025 3 -2 13.5759 1.56616 27.4087 

1025 3 -2 12.8991 7.31916 27.4086 

1025 3 -2 12.2222 5.52423 27.4085 

1025 3 -2 11.5452 3.72935 27.4085 

1025 3 -2 10.8682 1.93434 27.4085 

1025 3 -2 10.1913 0.139389 27.4084 

1025 3 -2 9.51464 5.8925 27.4087 

1025 3 -2 8.83767 4.09746 27.4088 

1025 3 -2 8.16076 2.3025 27.4086 

1025 3 -2 15.0318 0.507754 27.4086 

1025 3 -2 14.3549 6.26082 27.4084 

1025 3 -2 13.678 4.46596 27.4084 

1025 3 -2 13.0011 2.67109 27.4086 

1025 3 -2 12.3241 0.875958 27.4087 

1025 3 -2 11.6474 6.62907 27.4086 

1025 3 -2 10.9706 4.83414 27.4086 

1025 3 -2 10.2935 3.03916 27.4086 

1025 3 -2 9.61654 1.24419 27.4084 

1025 3 -2 8.93984 6.99741 27.4087 

1025 3 -2 8.26291 5.20235 27.4088 

1025 3 -2 7.58599 3.40736 27.4087 

1025 3 -2 14.457 1.61268 27.4086 

1025 3 -2 13.7802 7.36565 27.4085 

1025 3 -2 13.1033 5.57072 27.4084 

1025 3 -2 12.4264 3.77592 27.4085 

1025 3 -2 11.7493 1.98089 27.4086 

1025 3 -2 11.0724 0.185865 27.4085 

1025 3 -2 10.3958 5.93899 27.4087 

1025 3 -2 9.71882 4.144 27.4088 

1025 3 -2 9.04185 2.34899 27.4085 

1025 3 -2 8.36493 0.554095 27.4084 

1025 3 -2 7.68812 6.30727 27.4089 

1025 3 -2 14.5591 4.51248 27.4086 

1025 3 -2 13.8823 2.71759 27.4086 

1025 3 -2 13.2053 0.922493 27.4087 

1025 3 -2 12.5285 6.67556 27.4086 

1025 3 -2 11.8517 4.88067 27.4085 

1025 3 -2 11.1746 3.08574 27.4086 

1025 3 -2 10.4976 1.2907 27.4084 

1025 3 -2 9.82099 7.04389 27.4086 

1025 3 -2 9.14407 5.24886 27.4088 

1025 3 -2 8.46712 3.45384 27.4087 

1025 3 -2 7.79023 1.65889 27.4086 

1025 3 -2 14.6613 7.41211 27.4084 

1025 3 -2 13.9844 5.61724 27.4084 

1025 3 -2 13.3075 3.82242 27.4085 

1025 3 -2 12.6305 2.02744 27.4087 

1025 3 -2 11.9535 0.232322 27.4085 

1025 3 -2 11.2769 5.98548 27.4086 

1025 3 -2 10.6 4.19054 27.4087 

1025 3 -2 9.92295 2.39554 27.4085 

1025 3 -2 9.24598 0.600614 27.4084 

1025 3 -2 8.56929 6.35377 27.4088 

1025 3 -2 7.89234 4.55873 27.4087 

1025 3 -2 14.7634 2.76406 27.4086 

1025 3 -2 14.0865 0.969016 27.4087 

1025 3 -2 13.4097 6.72205 27.4085 

1025 3 -2 12.7327 4.92719 27.4084 

1025 3 -2 12.0558 3.1323 27.4085 

1025 3 -2 11.3787 1.33722 27.4086 

1025 3 -2 10.7021 7.09036 27.4085 

1025 3 -2 10.0252 5.29539 27.4088 

1025 3 -2 9.34824 3.50036 27.4087 

1025 3 -2 8.6713 1.7054 27.4085 

1025 3 -2 7.9945 7.45869 27.4088 

1025 3 -2 14.8655 5.66375 27.4085 

1025 3 -2 14.1886 3.86891 27.4085 

1025 3 -2 13.5117 2.07396 27.4086 

1025 3 -2 12.8347 0.278814 27.4086 

1025 3 -2 12.158 6.03196 27.4085 

1025 3 -2 11.4811 4.23709 27.4085 

1025 3 -2 10.804 2.44209 27.4085 

1025 3 -2 10.1271 0.647127 27.4084 

1025 3 -2 9.45046 6.40026 27.4086 

1025 3 -2 8.77349 4.60523 27.4088 

1025 3 -2 8.09658 2.81024 27.4086 

1025 3 -2 14.9676 1.01553 27.4086 

1025 3 -2 14.2907 6.76853 27.4084 

1025 3 -2 13.6138 4.97369 27.4084 

1025 3 -2 12.9369 3.17884 27.4085 

1025 3 -2 12.2599 1.38374 27.4087 

1025 3 -2 11.5832 7.13682 27.4086 

1025 3 -2 10.9064 5.3419 27.4086 

1025 3 -2 10.2294 3.5469 27.4086 

1025 3 -2 9.55238 1.75193 27.4084 

1025 3 -2 8.87565 7.50516 27.4087 

1025 3 -2 8.19871 5.71013 27.4088 

1025 3 -2 15.0697 3.91539 27.4086 

1025 3 -2 14.3928 2.12046 27.4086 

1025 3 -2 13.7159 0.325347 27.4087 

1025 3 -2 13.0391 6.07846 27.4085 

1025 3 -2 12.3622 4.28362 27.4084 

1025 3 -2 11.6852 2.48865 27.4086 

1025 3 -2 11.0082 0.693601 27.4085 

1025 3 -2 10.3316 6.44675 27.4086 

1025 3 -2 9.65465 4.65176 27.4088 

1025 3 -2 8.97767 2.85674 27.4086 

1025 3 -2 8.30077 1.06182 27.4085 

1025 3 -2 7.62394 6.81504 27.4089 

1025 3 -2 14.495 5.02019 27.4085 

1025 3 -2 13.818 3.22534 27.4086 

1025 3 -2 13.1411 1.43027 27.4087 

1025 3 -2 12.4643 7.18332 27.4086 

1025 3 -2 11.7875 5.38839 27.4085 

1025 3 -2 11.1105 3.59346 27.4086 

1025 3 -2 10.4335 1.79846 27.4084 

1025 3 -2 9.75655 0.00353977 27.4084 

1025 3 -2 9.07989 5.75663 27.4088 

1025 3 -2 8.40294 3.9616 27.4087 

1025 3 -2 7.72604 2.16665 27.4087 

1025 3 -2 14.597 0.371878 27.4086 

1025 3 -2 13.9202 6.12497 27.4085 

1025 3 -2 13.2433 4.33012 27.4084 

1025 3 -2 12.5663 2.5352 27.4086 

1025 3 -2 11.8893 0.740095 27.4086 

1025 3 -2 11.2127 6.49323 27.4086 

1025 3 -2 10.5358 4.69828 27.4087 

1025 3 -2 9.85878 2.90328 27.4086 

1025 3 -2 9.18183 1.10833 27.4084 

1025 3 -2 8.5051 6.86155 27.4088 

1025 3 -2 7.82816 5.06649 27.4088 

1025 3 -2 14.6992 3.27182 27.4086 

1025 3 -2 14.0223 1.47681 27.4086 

1025 3 -2 13.3455 7.2298 27.4086 

1025 3 -2 12.6686 5.43488 27.4085 

1025 3 -2 11.9916 3.64002 27.4085 

1025 3 -2 11.3146 1.84502 27.4086 

1025 3 -2 10.6377 0.050008 27.4085 

1025 3 -2 9.96105 5.80315 27.4087 

1025 3 -2 9.28406 4.00811 27.4088 

1025 3 -2 8.60713 2.21314 27.4086 

1025 3 -2 7.93022 0.418226 27.4084 

1025 3 -2 14.8013 6.17146 27.4084 

1025 3 -2 14.1244 4.37661 27.4085 

1025 3 -2 13.4475 2.58173 27.4086 

1025 3 -2 12.7705 0.786599 27.4087 

1025 3 -2 12.0938 6.5397 27.4086 

1025 3 -2 11.4169 4.74481 27.4085 

1025 3 -2 10.7399 2.94983 27.4085 

1025 3 -2 10.0629 1.15485 27.4084 

1025 3 -2 9.38626 6.90803 27.4086 

1025 3 -2 8.70931 5.11298 27.4088 

1025 3 -2 8.03239 3.31799 27.4087 

1025 3 -2 14.9034 1.52331 27.4085 

1025 3 -2 14.2265 7.27628 27.4084 

1025 3 -2 13.5497 5.4814 27.4085 

1025 3 -2 12.8727 3.68657 27.4085 

1025 3 -2 12.1957 1.89156 27.4086 

1025 3 -2 11.5188 0.0964799 27.4085 

1025 3 -2 10.8422 5.84963 27.4086 

1025 3 -2 10.1652 4.05464 27.4087 

1025 3 -2 9.48822 2.25966 27.4085 

1025 3 -2 8.81128 0.464755 27.4084 

1025 3 -2 8.13454 6.21791 27.4088 

1025 3 -2 15.0055 4.42312 27.4086 

1025 3 -2 14.3286 2.62821 27.4086 

1025 3 -2 13.6517 0.833138 27.4087 

1025 3 -2 12.9749 6.5862 27.4086 

1025 3 -2 12.298 4.79131 27.4084 

1025 3 -2 11.621 2.99641 27.4085 

1025 3 -2 10.944 1.20135 27.4085 

1025 3 -2 10.2674 6.95451 27.4085 

1025 3 -2 9.59047 5.1595 27.4088 

1025 3 -2 8.9135 3.36448 27.4087 

1025 3 -2 8.2366 1.56953 27.4086 

1025 3 -2 7.55975 7.32283 27.4089 

1025 3 -2 14.4308 5.5279 27.4085 

1025 3 -2 13.7539 3.73306 27.4085 

1025 3 -2 13.0769 1.93809 27.4087 

1025 3 -2 12.3999 0.142954 27.4086 

1025 3 -2 11.7233 5.89611 27.4086 

1025 3 -2 11.0464 4.1012 27.4086 

1025 3 -2 10.3693 2.3062 27.4085 

1025 3 -2 9.69237 0.511257 27.4084 

1025 3 -2 9.01571 6.26441 27.4087 

1025 3 -2 8.33875 4.46935 27.4087 

1025 3 -2 7.66184 2.6744 27.4087 

1025 3 -2 14.5329 0.879663 27.4086 

1025 3 -2 13.856 6.6327 27.4085 

1025 3 -2 13.1791 4.83784 27.4084 

1025 3 -2 12.5022 3.04297 27.4086 

1025 3 -2 11.8251 1.24787 27.4086 

1025 3 -2 11.1485 7.00099 27.4086 

1025 3 -2 10.4716 5.20602 27.4087 

1025 3 -2 9.79462 3.41101 27.4087 

1025 3 -2 9.11766 1.61606 27.4084 

1025 3 -2 8.4409 7.36932 27.4088 

1025 3 -2 7.76398 5.57426 27.4088 

1025 3 -2 14.635 3.77955 27.4086 

1025 3 -2 13.9581 1.9846 27.4087 

1025 3 -2 13.2811 0.189476 27.4087 

1025 3 -2 12.6044 5.9426 27.4085 

1025 3 -2 11.9275 4.14775 27.4085 

1025 3 -2 11.2504 2.35277 27.4086 

1025 3 -2 10.5735 0.557766 27.4085 

1025 3 -2 9.89686 6.31089 27.4086 

1025 3 -2 9.2199 4.51588 27.4088 

1025 3 -2 8.54295 2.72088 27.4086 

1025 3 -2 7.86604 0.925945 27.4085 

1025 3 -2 14.7371 6.67918 27.4084 

1025 3 -2 14.0602 4.88434 27.4085 

1025 3 -2 13.3833 3.08949 27.4086 

1025 3 -2 12.7063 1.2944 27.4087 

1025 3 -2 12.0296 7.04748 27.4086 

1025 3 -2 11.3528 5.25253 27.4085 

1025 3 -2 10.6758 3.45759 27.4086 

1025 3 -2 9.99874 1.66259 27.4084 

1025 3 -2 9.32206 7.4158 27.4086 

1025 3 -2 8.64514 5.62077 27.4088 

1025 3 -2 7.96819 3.82574 27.4087 

1025 3 -2 14.8392 2.0311 27.4085 

1025 3 -2 14.1623 0.235983 27.4087 

1025 3 -2 13.4855 5.98911 27.4085 

1025 3 -2 12.8086 4.19428 27.4084 

1025 3 -2 12.1316 2.39933 27.4086 

1025 3 -2 11.4546 0.604229 27.4085 

1025 3 -2 10.778 6.35736 27.4086 

1025 3 -2 10.101 4.56241 27.4088 

1025 3 -2 9.42406 2.76741 27.4086 

1025 3 -2 8.74711 0.97248 27.4085 

1025 3 -2 8.07035 6.72567 27.4088 

1025 3 -2 14.9413 4.93084 27.4086 

1025 3 -2 14.2644 3.13599 27.4086 

1025 3 -2 13.5875 1.34092 27.4087 

1025 3 -2 12.9107 7.09395 27.4086 

1025 3 -2 12.2338 5.29904 27.4085 

1025 3 -2 11.5569 3.50415 27.4085 

1025 3 -2 10.8798 1.70912 27.4085 

1025 3 -2 10.2032 7.46226 27.4085 

1025 3 -2 9.5263 5.66727 27.4087 

1025 3 -2 8.84932 3.87225 27.4087 

1025 3 -2 8.17241 2.07729 27.4086 

1025 3 -2 15.0434 0.282521 27.4086 

1025 3 -2 14.3666 6.03561 27.4085 

1025 3 -2 13.6897 4.24078 27.4085 

1025 3 -2 13.0127 2.44587 27.4086 

1025 3 -2 12.3357 0.650721 27.4086 

1025 3 -2 11.6591 6.40385 27.4086 

1025 3 -2 10.9822 4.60894 27.4086 

1025 3 -2 10.3052 2.81396 27.4085 

1025 3 -2 9.6282 1.01899 27.4084 

1025 3 -2 8.95152 6.77218 27.4087 

1025 3 -2 8.27456 4.97712 27.4088 

1025 3 -2 7.59766 3.18215 27.4087 

1025 3 -2 14.4687 1.38744 27.4086 

1025 3 -2 13.7918 7.14043 27.4085 

1025 3 -2 13.1149 5.34554 27.4084 

1025 3 -2 12.438 3.5507 27.4085 

1025 3 -2 11.761 1.75566 27.4086 

1025 3 -2 11.0843 7.50874 27.4085 

1025 3 -2 10.4075 5.71379 27.4087 

1025 3 -2 9.73047 3.91877 27.4088 

1025 3 -2 9.0535 2.1238 27.4085 

1025 3 -2 8.37658 0.328887 27.4084 

1025 3 -2 7.69979 6.08203 27.4089 

1025 3 -2 14.5708 4.28728 27.4086 

1025 3 -2 13.8939 2.49237 27.4086 

1025 3 -2 13.2169 0.697252 27.4087 

1025 3 -2 12.5402 6.45034 27.4086 

1025 3 -2 11.8633 4.65546 27.4085 

1025 3 -2 11.1863 2.86051 27.4086 

1025 3 -2 10.5093 1.0655 27.4084 

1025 3 -2 9.83266 6.81866 27.4086 

1025 3 -2 9.15571 5.02363 27.4088 

1025 3 -2 8.47876 3.22863 27.4087 

1025 3 -2 7.80187 1.43369 27.4086 

1025 3 -2 14.6729 7.18691 27.4084 

1025 3 -2 13.996 5.39205 27.4085 

1025 3 -2 13.3191 3.59722 27.4085 

1025 3 -2 12.6422 1.8022 27.4087 

1025 3 -2 11.9652 0.00711449 27.4085 

1025 3 -2 11.2886 5.76026 27.4086 

1025 3 -2 10.6116 3.96532 27.4087 

1025 3 -2 9.93457 2.17034 27.4085 

1025 3 -2 9.25766 0.375413 27.4084 

1025 3 -2 8.58094 6.12854 27.4088 

1025 3 -2 7.90402 4.33351 27.4087 

1025 3 -2 14.7751 2.53885 27.4086 

1025 3 -2 14.0981 0.743786 27.4086 

1025 3 -2 13.4213 6.49685 27.4085 

1025 3 -2 12.7444 4.70198 27.4084 

1025 3 -2 12.0674 2.90708 27.4086 

1025 3 -2 11.3904 1.11201 27.4085 

1025 3 -2 10.7138 6.86515 27.4085 

1025 3 -2 10.0369 5.07016 27.4088 

1025 3 -2 9.35988 3.27515 27.4087 

1025 3 -2 8.68297 1.48021 27.4085 

1025 3 -2 8.00616 7.23346 27.4089 

1025 3 -2 14.8772 5.43854 27.4085 

1025 3 -2 14.2002 3.6437 27.4086 

1025 3 -2 13.5233 1.84873 27.4087 

1025 3 -2 12.8463 0.0536043 27.4086 

1025 3 -2 12.1697 5.80676 27.4085 

1025 3 -2 11.4927 4.01188 27.4085 

1025 3 -2 10.8157 2.21687 27.4085 

1025 3 -2 10.1387 0.421913 27.4084 

1025 3 -2 9.46211 6.17504 27.4087 

1025 3 -2 8.78514 4.38001 27.4088 

1025 3 -2 8.10823 2.58504 27.4086 

1025 3 -2 14.9793 0.790289 27.4086 

1025 3 -2 14.3024 6.54332 27.4084 

1025 3 -2 13.6255 4.74849 27.4084 

1025 3 -2 12.9486 2.95363 27.4086 

1025 3 -2 12.2716 1.15852 27.4087 

1025 3 -2 11.5949 6.91162 27.4086 

1025 3 -2 10.918 5.11667 27.4086 

1025 3 -2 10.241 3.3217 27.4086 

1025 3 -2 9.56402 1.52672 27.4084 

1025 3 -2 8.88731 7.27995 27.4087 

1025 3 -2 8.21039 5.4849 27.4088 

1025 3 -2 15.0814 3.69019 27.4086 

1025 3 -2 14.4045 1.89523 27.4086 

1025 3 -2 13.7275 0.100118 27.4087 

1025 3 -2 13.0508 5.85324 27.4085 

1025 3 -2 12.3738 4.05843 27.4084 

1025 3 -2 11.6968 2.26345 27.4086 

1025 3 -2 11.0199 0.46839 27.4085 

1025 3 -2 10.3433 6.22153 27.4086 

1025 3 -2 9.6663 4.42653 27.4088 

1025 3 -2 8.98932 2.63153 27.4086 

1025 3 -2 8.31241 0.836608 27.4084 

1025 3 -2 7.6356 6.58982 27.4089 

1025 3 -2 14.5066 4.795 27.4085 

1025 3 -2 13.8297 3.00013 27.4086 

1025 3 -2 13.1528 1.20503 27.4087 

1025 3 -2 12.476 6.9581 27.4086 

1025 3 -2 11.7991 5.16319 27.4085 

1025 3 -2 11.1222 3.36827 27.4086 

1025 3 -2 10.4451 1.57324 27.4084 

1025 3 -2 9.76847 7.32642 27.4085 

1025 3 -2 9.09154 5.53142 27.4088 

1025 3 -2 8.41458 3.73638 27.4087 

1025 3 -2 7.7377 1.94143 27.4086 

1025 3 -2 14.6087 0.146643 27.4086 

1025 3 -2 13.9319 5.89976 27.4085 

1025 3 -2 13.255 4.10495 27.4084 

1025 3 -2 12.578 2.30999 27.4087 

1025 3 -2 11.901 0.514879 27.4086 

1025 3 -2 11.2244 6.26801 27.4086 

1025 3 -2 10.5475 4.47307 27.4087 

1025 3 -2 9.87041 2.67806 27.4085 

1025 3 -2 9.19348 0.883135 27.4084 

1025 3 -2 8.51675 6.63633 27.4088 

1025 3 -2 7.83982 4.84126 27.4087 

1025 3 -2 14.7109 3.04661 27.4086 

1025 3 -2 14.0339 1.25158 27.4087 

1025 3 -2 13.3571 7.00459 27.4086 

1025 3 -2 12.6802 5.2097 27.4084 

1025 3 -2 12.0033 3.41482 27.4085 

1025 3 -2 11.3262 1.61979 27.4086 

1025 3 -2 10.6496 7.37289 27.4085 

1025 3 -2 9.97271 5.57792 27.4087 

1025 3 -2 9.29572 3.78289 27.4088 

1025 3 -2 8.61878 1.98793 27.4085 

1025 3 -2 7.94188 0.193013 27.4084 

1025 3 -2 14.813 5.94626 27.4085 

1025 3 -2 14.1361 4.15143 27.4085 

1025 3 -2 13.4592 2.3565 27.4086 

1025 3 -2 12.7822 0.561362 27.4087 

1025 3 -2 12.1055 6.31449 27.4085 

1025 3 -2 11.4286 4.51961 27.4085 

1025 3 -2 10.7515 2.72462 27.4085 

1025 3 -2 10.0746 0.929657 27.4084 

1025 3 -2 9.39792 6.68281 27.4086 

1025 3 -2 8.72096 4.88777 27.4088 

1025 3 -2 8.04404 3.09278 27.4086 

1025 3 -2 14.9151 1.29808 27.4085 

1025 3 -2 14.2382 7.05107 27.4084 

1025 3 -2 13.5613 5.25619 27.4084 

1025 3 -2 12.8844 3.46135 27.4085 

1025 3 -2 12.2074 1.66632 27.4087 

1025 3 -2 11.5307 7.41937 27.4086 

1025 3 -2 10.8539 5.62442 27.4086 

1025 3 -2 10.1769 3.82944 27.4087 

1025 3 -2 9.49986 2.03446 27.4084 

1025 3 -2 8.82293 0.239549 27.4084 

1025 3 -2 8.1462 5.99268 27.4088 

1025 3 -2 15.0172 4.19791 27.4086 

1025 3 -2 14.3403 2.403 27.4085 

1025 3 -2 13.6633 0.607896 27.4087 

1025 3 -2 12.9866 6.36099 27.4085 

1025 3 -2 12.3097 4.56612 27.4084 

1025 3 -2 11.6327 2.7712 27.4086 

1025 3 -2 10.9557 0.976145 27.4085 

1025 3 -2 10.2791 6.72929 27.4086 

1025 3 -2 9.60212 4.9343 27.4088 

1025 3 -2 8.92516 3.13927 27.4086 

1025 3 -2 8.24824 1.34433 27.4085 

1025 3 -2 7.57142 7.0976 27.4089 

1025 3 -2 14.4424 5.3027 27.4085 

1025 3 -2 13.7655 3.50786 27.4085 

1025 3 -2 13.0886 1.71286 27.4087 

1025 3 -2 12.4118 7.46587 27.4086 

1025 3 -2 11.735 5.67091 27.4085 

1025 3 -2 11.058 3.87599 27.4086 

1025 3 -2 10.381 2.08099 27.4085 

1025 3 -2 9.70403 0.286048 27.4084 

1025 3 -2 9.02737 6.03918 27.4087 

1025 3 -2 8.35041 4.24414 27.4087 

1025 3 -2 7.67352 2.44917 27.4087 

1025 3 -2 14.5445 0.654425 27.4086 

1025 3 -2 13.8677 6.40748 27.4085 

1025 3 -2 13.1908 4.61264 27.4084 

1025 3 -2 12.5138 2.81776 27.4086 

1025 3 -2 11.8368 1.02263 27.4086 

1025 3 -2 11.1602 6.77577 27.4086 

1025 3 -2 10.4833 4.98083 27.4087 

1025 3 -2 9.80627 3.18581 27.4086 

1025 3 -2 9.12932 1.39086 27.4084 

1025 3 -2 8.45259 7.1441 27.4088 

1025 3 -2 7.77563 5.34903 27.4088 

1025 3 -2 14.6467 3.55433 27.4086 

1025 3 -2 13.9698 1.75937 27.4087 

1025 3 -2 13.2929 7.51234 27.4085 

1025 3 -2 12.616 5.7174 27.4085 

1025 3 -2 11.9391 3.92255 27.4084 

1025 3 -2 11.2621 2.12753 27.4086 

1025 3 -2 10.5851 0.33255 27.4085 

1025 3 -2 9.90852 6.08568 27.4086 

1025 3 -2 9.23155 4.29065 27.4088 

1025 3 -2 8.5546 2.49567 27.4086 

1025 3 -2 7.8777 0.700752 27.4085 

1025 3 -2 14.7488 6.45398 27.4084 

1025 3 -2 14.0719 4.65914 27.4085 

1025 3 -2 13.395 2.86428 27.4086 

1025 3 -2 12.718 1.06915 27.4087 

1025 3 -2 12.0413 6.82224 27.4086 

1025 3 -2 11.3644 5.02732 27.4086 

1025 3 -2 10.6874 3.23236 27.4086 

1025 3 -2 10.0104 1.43738 27.4084 

1025 3 -2 9.33372 7.19059 27.4086 

1025 3 -2 8.65679 5.39554 27.4088 

1025 3 -2 7.97986 3.60053 27.4087 

1025 3 -2 14.8509 1.80588 27.4085 

1025 3 -2 14.1739 0.0107655 27.4086 

1025 3 -2 13.4972 5.76392 27.4085 

1025 3 -2 12.8202 3.96909 27.4084 

1025 3 -2 12.1432 2.1741 27.4086 

1025 3 -2 11.4662 0.379015 27.4085 

1025 3 -2 10.7896 6.13217 27.4086 

1025 3 -2 10.1127 4.33718 27.4087 

1025 3 -2 9.43569 2.54219 27.4085 

1025 3 -2 8.75877 0.74727 27.4084 
