1025 3 -0.49206 14.0984 14.0633 22.68 

1025 3 -0.492153 14.2151 11.3571 22.6782 

1025 3 -0.494079 11.2418 8.54115 22.68 

1025 3 -0.494389 11.322 8.44828 22.6448 

1025 3 -0.497373 11.1958 14.221 22.6494 

1025 3 -0.498512 11.3259 11.3946 22.5774 

1025 3 -0.499136 11.4023 11.3167 22.6202 

1025 3 -0.493657 8.4361 8.49516 22.6718 

1025 3 -0.491737 8.56806 14.1146 22.6588 

1025 3 -0.499363 8.59876 11.2685 22.6664 

1025 3 -0.49508 8.50084 11.2516 22.5927 

1025 3 -0.498669 14.144 8.50854 22.6349 

1025 3 -0.496326 14.0692 14.0938 22.6609 

1025 3 -0.492854 16.9848 11.4014 22.6775 

1025 3 -0.495473 11.3332 11.3759 22.6377 

1025 3 -0.495365 11.2108 8.49346 22.6822 

1025 3 -0.500333 11.3187 14.1491 22.6287 

1025 3 -0.496305 11.2706 14.1956 22.5855 

1025 3 -0.495993 11.3197 11.2823 22.6346 

1025 3 -0.497097 8.55618 8.60754 22.6398 

1025 3 -0.495738 8.52372 8.5595 22.7094 

1025 3 -0.495757 8.55705 14.168 22.6553 

1025 3 -0.492262 14.233 11.3036 22.6694 

1025 3 -0.496662 14.0762 8.46317 22.669 

1025 3 -0.497379 14.1554 8.50383 22.6741 

1025 3 -0.500148 11.3659 14.1868 22.6269 

1025 3 -0.496483 11.281 11.3157 22.649 

1025 3 -0.496214 11.3618 11.3895 22.6197 

1025 3 -0.492775 11.2775 8.48324 22.6827 

1025 3 -0.496873 11.2753 14.1769 22.5961 

1025 3 -0.496807 5.57875 8.62239 22.6776 

1025 3 -0.495289 8.45667 11.2981 22.59 

1025 3 -0.497043 8.58478 8.54054 22.6636 

1025 3 -0.498903 14.056 14.1224 22.6237 

1025 3 -0.499419 14.1006 14.1966 22.6623 

1025 3 -0.493129 14.1616 11.3258 22.6549 

1025 3 -0.497805 11.357 5.53353 22.6534 

1025 3 -0.493347 11.3 14.0998 22.6686 

1025 3 -0.496311 11.2925 14.1662 22.6203 

1025 3 -0.498322 11.2793 11.3461 22.6493 

1025 3 -0.495286 11.2 8.51683 22.6839 

1025 3 -0.4974 8.42009 11.3407 22.6095 

1025 3 -0.499541 8.55826 14.1596 22.622 

1025 3 -0.49775 8.48475 11.2893 22.6389 

1025 3 -0.494802 14.1833 8.48135 22.6933 

1025 3 -0.49688 14.2072 8.56132 22.6758 

1025 3 -0.489574 14.1812 14.1976 22.6938 

1025 3 -0.494425 11.206 8.51559 22.711 

1025 3 -0.495863 11.3069 11.2422 22.6293 

1025 3 -0.492674 11.2065 8.53692 22.708 

1025 3 -0.499093 11.2677 14.1375 22.6268 

1025 3 -0.494743 8.4602 11.339 22.6659 

1025 3 -0.496709 8.532 11.2739 22.6132 

1025 3 -0.496772 8.42971 8.47639 22.6383 

1025 3 -0.657319 7.98482 12.7029 20.5354 

1025 3 -0.497052 8.47127 11.2644 22.6016 

1025 3 -0.494784 14.1728 11.2731 22.642 

1025 3 -0.497118 16.9943 8.4595 22.6557 

1025 3 -0.497747 14.2124 8.51002 22.6518 

1025 3 -0.497857 11.2979 14.1885 22.6026 

1025 3 -0.49481 11.3954 11.3945 22.6248 

1025 3 -0.49237 11.2957 8.53571 22.7027 

1025 3 -0.495859 11.3358 11.3685 22.6831 

1025 3 -0.498484 8.49104 19.8777 22.65 

1025 3 -0.49685 8.5814 11.3061 22.6569 

1025 3 -0.491067 8.47994 8.52456 22.7123 

1025 3 -0.49456 14.1932 11.3626 22.6726 

1025 3 -0.647036 12.7804 13.6239 20.6898 

1025 3 -0.492744 14.1601 11.3109 22.6807 

1025 3 -0.498762 11.3014 14.1685 22.5897 

1025 3 -0.494142 11.2695 8.55207 22.682 

1025 3 -0.648232 11.819 12.7943 20.5606 

1025 3 -0.496445 11.3392 11.3499 22.6216 

1025 3 -0.499514 11.3359 11.3256 22.631 

1025 3 -0.499108 8.49886 8.51969 22.6414 

1025 3 -0.491214 8.48765 14.1223 22.7045 

1025 3 -0.493783 8.53705 14.1395 22.6693 

1025 3 -0.495744 8.56151 14.1573 22.6298 

1025 3 -0.49734 14.1826 8.4939 22.6452 

1025 3 -0.499225 14.1047 14.1966 22.5963 

1025 3 -0.493956 14.1295 14.2138 22.6641 

1025 3 -0.499472 11.3476 11.338 22.5928 

1025 3 -0.492173 11.2722 8.52659 22.6838 

1025 3 -0.497522 11.3084 8.45318 22.6489 

1025 3 -0.498917 11.403 16.9594 22.6833 

1025 3 -0.495638 8.55265 11.2309 22.6452 

1025 3 -0.495371 8.44706 11.293 22.6181 

1025 3 -0.495992 8.52189 8.51394 22.658 

1025 3 -0.493349 8.47197 14.116 22.6502 

1025 3 -0.494573 11.3482 11.3695 22.6514 

1025 3 -0.494456 14.1697 11.328 22.6119 

1025 3 -0.500218 14.1431 8.54378 22.6544 

1025 3 -0.499203 11.2874 14.2131 22.6499 

1025 3 -0.496141 11.3528 11.4004 22.6229 

1025 3 -0.49477 11.3204 11.3068 22.6604 

1025 3 -0.494896 11.3008 8.46843 22.7001 

1025 3 -0.497179 11.3017 14.1283 22.6473 

1025 3 -0.493031 5.65362 14.2061 22.6496 

1025 3 -0.497866 8.62634 11.2299 22.6279 

1025 3 -0.492358 11.3367 8.46902 22.707 

1025 3 -0.495444 14.1112 14.1437 22.6502 

1025 3 -0.497235 14.1469 14.1071 22.6206 

1025 3 -0.490559 14.2692 11.2995 22.6518 

1025 3 -0.482368 12.7199 9.91636 23.4369 

1025 3 -0.494248 11.2612 8.51013 22.7027 

1025 3 -0.496096 11.2745 14.1692 22.6646 

1025 3 -0.494081 11.3161 8.49668 22.6953 

1025 3 -0.492438 14.2269 11.34 22.6574 

1025 3 -0.499734 8.55333 8.54427 22.6271 

1025 3 -0.49531 8.53888 14.1153 22.6774 

1025 3 -0.497173 8.50753 11.238 22.6798 

1025 3 -0.495667 14.0883 11.4289 22.6388 

1025 3 -0.497246 14.1387 8.54703 22.6441 

1025 3 -0.496224 14.1042 14.2069 22.6725 

1025 3 -0.496378 14.1415 8.52741 22.6717 

1025 3 -0.497358 11.31 14.1876 22.6665 

1025 3 -0.494194 11.3186 8.49227 22.6825 

1025 3 -0.498861 11.2858 14.1321 22.6323 

1025 3 -0.495702 8.44735 11.2801 22.6033 

1025 3 -0.500457 8.51744 11.3665 22.6491 

1025 3 -0.496997 8.48029 8.54223 22.6745 

1025 3 -0.497722 11.4161 14.0557 22.6798 

1025 3 -0.49938 11.2447 14.1772 22.5712 

1025 3 -0.495596 14.1607 11.3751 22.6664 

1025 3 -0.496274 16.9345 8.48818 22.6835 

1025 3 -0.495415 14.1705 8.4677 22.6837 

1025 3 -0.494493 11.2989 14.0974 22.6788 

1025 3 -0.497647 11.3574 11.3291 22.5957 

1025 3 -0.498134 11.2771 11.2449 22.5912 

1025 3 -0.495752 11.2888 8.40067 22.6316 

1025 3 -0.49422 8.49852 14.0844 22.6137 

1025 3 -0.494985 8.47405 11.3295 22.6981 

1025 3 -0.497126 8.462 11.2886 22.6525 

1025 3 -0.495633 14.1302 8.45069 22.6961 

1025 3 -0.493907 14.1427 14.0691 22.6532 

1025 3 -0.493749 14.2288 11.3036 22.6646 

1025 3 -0.491843 14.1537 11.37 22.6396 

1025 3 -0.492826 11.2904 8.53405 22.6722 

1025 3 -0.497001 8.51325 14.133 22.6016 

1025 3 -0.497781 11.2601 14.1591 22.6042 

1025 3 -0.495888 11.3236 11.3054 22.6312 

1025 3 -0.49677 8.47365 8.45803 22.6889 

1025 3 -0.494347 8.48851 14.1748 22.5951 

1025 3 -0.496709 8.56083 14.1401 22.6245 

1025 3 -0.495937 14.1957 11.3647 22.642 

1025 3 -0.494597 14.1181 8.46532 22.6777 

1025 3 -0.497723 14.1816 8.50155 22.6786 

1025 3 -0.498057 14.0854 14.1759 22.6584 

1025 3 -0.498865 11.2654 11.3716 22.6363 

1025 3 -0.493779 11.3421 14.0965 22.6522 

1025 3 -0.496314 11.2901 8.46916 22.7091 

1025 3 -0.494331 11.2294 14.1702 22.6469 

1025 3 -0.500261 11.2975 11.2763 22.6441 

1025 3 -0.497884 8.43878 11.3225 22.6656 

1025 3 -0.495004 8.54027 8.54398 22.7026 

1025 3 -0.495687 8.48209 14.1937 22.6093 

1025 3 -0.494778 14.2459 11.3204 22.6355 

1025 3 -0.496793 17.0702 11.3308 22.6483 

1025 3 -0.497036 14.0949 8.52053 22.6752 

1025 3 -0.493834 11.2706 8.5047 22.6809 

1025 3 -0.497925 11.2818 14.1257 22.644 

1025 3 -0.498023 11.3083 11.3253 22.6093 

1025 3 -0.494525 11.3213 8.42355 22.6789 

1025 3 -0.495793 8.50986 8.57002 22.6684 

1025 3 -0.493107 5.67119 14.2328 22.6853 

1025 3 -0.497159 8.48153 11.3088 22.6953 

1025 3 -0.494481 11.2707 8.44529 22.6863 

1025 3 -0.492432 11.197 8.55027 22.7266 

1025 3 -0.498874 14.1238 14.1943 22.6227 

1025 3 -0.49334 14.1687 11.3682 22.6699 

1025 3 -0.496493 14.1261 8.51413 22.686 

1025 3 -0.495181 11.3186 8.49459 22.694 

1025 3 -0.497578 11.3185 14.1995 22.6285 

1025 3 -0.493654 17.0002 11.275 22.6713 

1025 3 -0.497757 8.48896 11.2568 22.6191 

1025 3 -0.49666 8.48434 8.57058 22.6488 

1025 3 -0.493079 8.50541 14.1315 22.6363 

1025 3 -0.494415 8.51861 11.2962 22.6483 

1025 3 -0.497511 14.1331 11.3879 22.6466 

1025 3 -0.498342 14.1437 8.51574 22.6334 

1025 3 -0.496225 14.2142 11.3391 22.655 

1025 3 -0.498333 11.3242 14.0933 22.5926 

1025 3 -0.497423 11.2793 11.3206 22.6301 

1025 3 -0.494964 11.3058 8.41115 22.6296 

1025 3 -0.494807 11.264 8.43966 22.661 

1025 3 -0.494882 8.45765 16.8624 22.6433 

1025 3 -0.493478 8.49346 11.3284 22.6928 

1025 3 -0.496152 8.51439 11.3008 22.6045 

1025 3 -0.496495 8.55969 8.60907 22.6855 

1025 3 -0.497664 14.1339 16.9957 22.5993 

1025 3 -0.496052 14.162 11.3587 22.6378 

1025 3 -0.495934 14.2958 11.2687 22.6555 

1025 3 -0.497951 14.1127 8.57061 22.665 

1025 3 -0.495086 11.2608 14.1371 22.6689 

1025 3 -0.495226 11.3382 11.3625 22.6579 

1025 3 -0.493431 11.3523 11.2699 22.6342 

1025 3 -0.496528 11.3078 8.38489 22.6533 

1025 3 -0.491437 8.48547 14.1274 22.6214 

1025 3 -0.489365 8.46035 16.9468 22.7074 

1025 3 -0.497203 11.3106 11.3619 22.6432 

1025 3 -0.497863 14.1424 8.44402 22.6674 

1025 3 -0.496601 14.1031 14.1344 22.6463 

1025 3 -0.496671 14.132 14.2183 22.6217 

1025 3 -0.491826 14.2026 11.386 22.6845 

1025 3 -0.495841 11.2799 8.5272 22.6644 

1025 3 -0.495609 11.2433 8.47019 22.7334 

1025 3 -0.492235 14.1607 14.1763 22.6765 

1025 3 -0.493085 11.4007 11.3975 22.6807 

1025 3 -0.496249 5.69461 8.50723 22.6573 

1025 3 -0.650425 7.0377 8.06821 20.6134 

1025 3 -0.49557 8.4961 14.1415 22.6671 

1025 3 -0.492137 14.1549 8.4259 22.7081 

1025 3 -0.491388 14.1474 11.3599 22.6894 

1025 3 -0.497625 14.1506 8.53331 22.6582 

1025 3 -0.498161 14.0854 14.2137 22.6602 

1025 3 -0.495546 11.2645 11.3103 22.6404 

1025 3 -0.493661 11.3199 11.3469 22.6655 

1025 3 -0.497366 11.2953 8.41013 22.6492 

1025 3 -0.498945 11.3154 14.1818 22.6247 

1025 3 -0.499334 8.55226 11.265 22.6085 

1025 3 -0.495582 8.49177 11.3367 22.6284 

1025 3 -0.495129 8.53155 8.55923 22.6426 

1025 3 -0.494757 8.56041 11.1494 22.6892 

1025 3 -0.495485 14.1604 14.1844 22.6452 

1025 3 -0.493728 14.1864 11.3212 22.6623 

1025 3 -0.49676 14.177 5.56955 22.7089 

1025 3 -0.493546 11.222 8.51844 22.6694 

1025 3 -0.49908 11.2288 14.1559 22.6303 

1025 3 -0.497887 11.3852 11.4037 22.6046 

1025 3 -0.494346 11.2518 8.54957 22.6807 

1025 3 -0.49807 8.40224 8.41912 22.6679 

1025 3 -0.495976 8.56307 14.152 22.636 

1025 3 -0.494995 8.49119 11.2229 22.6746 

1025 3 -0.495129 8.52889 11.245 22.6589 

1025 3 -0.499324 14.1945 8.45721 22.6662 

1025 3 -0.497771 14.0964 14.1107 22.6435 

1025 3 -0.498403 14.1043 8.57313 22.658 

1025 3 -0.497808 14.2394 16.945 22.643 

1025 3 -0.496974 11.3327 5.56966 22.6467 

1025 3 -0.496606 11.2784 14.1172 22.6256 

1025 3 -0.496034 11.3572 11.329 22.6648 

1025 3 -0.498382 8.50039 11.3503 22.6487 

1025 3 -0.496711 8.4532 8.45726 22.6877 

1025 3 -0.497993 8.50618 14.1385 22.588 

1025 3 -0.495284 8.51891 14.1191 22.621 

1025 3 -0.498424 14.1249 8.44671 22.6526 

1025 3 -0.494217 14.1155 8.53596 22.7053 

1025 3 -0.497069 14.1079 8.57935 22.7052 

1025 3 -0.495348 11.2044 14.1343 22.637 

1025 3 -0.49493 11.3409 11.3774 22.6463 

1025 3 -0.497154 11.3238 11.3351 22.6036 

1025 3 -0.497878 11.2648 8.48025 22.6579 

1025 3 -0.496236 8.55258 14.2467 22.6539 

1025 3 -0.502272 5.56479 11.3615 22.6036 

1025 3 -0.497794 8.39827 11.3285 22.603 

1025 3 -0.496992 8.5878 8.60145 22.6749 

1025 3 -0.496873 14.0946 14.078 22.634 

1025 3 -0.495789 14.228 11.3735 22.6399 

1025 3 -0.49135 14.1032 14.1356 22.6881 

1025 3 -0.493952 11.2473 8.46988 22.6475 

1025 3 -0.500424 11.3101 11.315 22.5916 

1025 3 -0.498575 11.2047 14.1112 22.601 

1025 3 -0.494015 11.3638 11.3085 22.6676 

1025 3 -0.498861 11.1929 8.54457 22.6616 

1025 3 -0.497707 8.50774 14.1946 22.6296 

1025 3 -0.496981 8.61717 14.1659 22.6064 

1025 3 -0.496674 8.47038 11.2707 22.6371 

1025 3 -0.4908 14.1315 8.47934 22.7553 

1025 3 -0.498135 14.1301 8.53974 22.6837 

1025 3 -0.495283 14.1228 14.2041 22.6342 

1025 3 -0.492029 14.1951 11.3994 22.6987 

1025 3 -0.498494 11.2575 8.48625 22.6383 

1025 3 -0.496734 11.3179 8.50318 22.6799 

1025 3 -0.495782 11.2943 14.1364 22.6024 

1025 3 -0.494034 8.57861 14.1848 22.6157 

1025 3 -0.498278 8.47073 11.2824 22.6533 

1025 3 -0.49417 8.40041 8.49272 22.7059 

1025 3 -0.493815 8.54057 14.1154 22.6506 

1025 3 -0.497534 8.49761 11.2568 22.6148 

1025 3 -0.491653 14.1369 11.3758 22.6975 

1025 3 -0.499911 14.2284 5.62168 22.6487 

1025 3 -0.49265 14.1978 11.3086 22.6634 

1025 3 -0.495553 11.28 14.0835 22.6215 

1025 3 -0.496902 11.2784 11.3404 22.647 

1025 3 -0.488609 11.3393 8.46651 22.7219 

1025 3 -0.496255 11.2912 14.1093 22.6378 

1025 3 -0.496416 8.57656 17.0116 22.6107 

1025 3 -0.497822 8.53739 11.3077 22.6355 

1025 3 -0.500414 8.44445 8.50834 22.6256 

1025 3 -0.49482 14.1423 8.50256 22.7039 

1025 3 -0.499529 14.1536 14.2393 22.6124 

1025 3 -0.492891 14.1759 11.3496 22.6705 

1025 3 -0.493868 12.7671 9.83602 23.3819 

1025 3 -0.494645 11.2313 8.54428 22.6727 

1025 3 -0.498653 11.2841 14.1601 22.6021 

1025 3 -0.495983 11.3248 11.3474 22.6818 

1025 3 -0.497723 11.3228 11.3435 22.6299 

1025 3 -0.496781 8.44666 8.46192 22.6573 

1025 3 -0.492991 8.47396 14.1193 22.6851 

1025 3 -0.493108 8.549 11.2571 22.6951 

1025 3 -0.498258 8.4441 11.3489 22.6145 

1025 3 -0.493971 14.1306 8.49751 22.6674 

1025 3 -0.495568 16.94 14.2184 22.6222 

1025 3 -0.494591 14.1596 14.1088 22.6509 

1025 3 -0.494207 11.3016 11.3279 22.638 

1025 3 -0.493822 8.50571 8.58412 22.6505 

1025 3 -0.500176 11.2879 14.1293 22.6194 

1025 3 -0.495832 11.3615 16.9207 22.6472 

1025 3 -0.499944 8.50792 11.4084 22.608 

1025 3 -0.501171 8.55869 8.70018 22.6479 

1025 3 -0.493013 8.47257 8.51637 22.6916 

1025 3 -0.498313 8.46699 14.1575 22.6542 

1025 3 -0.496613 11.3401 11.3925 22.6136 

1025 3 -0.491933 14.1362 11.2836 22.6451 

1025 3 -0.494217 14.2047 8.50773 22.6956 

1025 3 -0.497994 11.2773 14.2288 22.6597 

1025 3 -0.495904 11.3292 11.3445 22.6646 

1025 3 -0.496623 11.3016 11.3254 22.6285 

1025 3 -0.491982 11.2942 8.43422 22.7095 

1025 3 -0.497154 11.2152 14.1224 22.6631 

1025 3 -0.497079 5.67204 16.9114 22.6856 

1025 3 -0.497772 11.2976 11.3572 22.6457 

1025 3 -0.490857 8.45366 8.55391 22.6826 

1025 3 -0.493461 14.1184 14.1958 22.6849 

1025 3 -0.495449 14.1548 14.1841 22.6453 

1025 3 -0.495532 14.1798 11.3279 22.6345 

1025 3 -0.495567 14.1587 8.52897 22.6751 

1025 3 -0.495273 11.2702 8.51783 22.6325 

1025 3 -0.494814 11.289 14.1108 22.6062 

1025 3 -0.496578 11.316 11.3087 22.6202 

1025 3 -0.483219 12.7424 4.14327 23.3999 

1025 3 -0.494713 8.49336 11.3999 22.6453 

1025 3 -0.497863 8.47918 14.1641 22.6087 

1025 3 -0.496634 8.53399 11.252 22.6668 

1025 3 -0.49423 14.1727 11.3588 22.6383 

1025 3 -0.493966 14.1596 8.60226 22.6892 

1025 3 -0.493852 14.1229 14.1724 22.6641 

1025 3 -0.496971 11.2065 11.3151 22.6546 

1025 3 -0.495532 11.3701 11.3564 22.6505 

1025 3 -0.492227 11.2468 8.55522 22.6891 

1025 3 -0.49336 11.2768 14.1871 22.6623 

1025 3 -0.480455 9.8904 12.7476 23.364 

1025 3 -0.495089 8.47812 11.3025 22.6682 

1025 3 -0.493581 8.49792 8.49369 22.6944 

1025 3 -0.495448 11.3304 14.1019 22.6336 

1025 3 -0.497988 11.2726 14.1258 22.6435 

1025 3 -0.494505 14.1862 11.327 22.6439 

1025 3 -0.496652 17.04 8.50523 22.6818 

1025 3 -0.49173 14.1265 8.50508 22.6748 

1025 3 -0.497283 11.2536 14.1598 22.6108 

1025 3 -0.497553 11.3019 11.2727 22.6514 

1025 3 -0.491338 11.251 8.54812 22.725 

1025 3 -0.49401 11.2816 8.4733 22.6806 

1025 3 -0.497351 8.57762 14.1203 22.6465 

1025 3 -0.49279 5.56409 11.3589 22.6753 

1025 3 -0.499047 8.50779 11.2345 22.6614 

1025 3 -0.497577 14.1635 8.49009 22.6472 

1025 3 -0.494464 14.1044 14.1434 22.64 

1025 3 -0.493616 14.2263 11.3668 22.6801 

1025 3 -0.497382 14.2704 11.2673 22.6529 

1025 3 -0.496778 11.3246 8.45204 22.6618 

1025 3 -0.650733 9.80238 14.6545 20.6089 

1025 3 -0.495048 11.2625 8.50766 22.6775 

1025 3 -0.500434 11.2751 11.3439 22.6308 

1025 3 -0.496393 8.52205 8.57013 22.6485 

1025 3 -0.49366 8.5029 14.1341 22.6959 

1025 3 -0.497935 8.56339 14.1621 22.5864 

1025 3 -0.492801 14.1358 11.3244 22.6971 

1025 3 -0.496949 14.1162 8.48076 22.6653 

1025 3 -0.49748 14.1317 8.54126 22.6856 

1025 3 -0.496468 14.1183 14.2508 22.6012 

1025 3 -0.494893 11.3714 11.3153 22.6102 

1025 3 -0.492136 11.2941 8.49045 22.7324 

1025 3 -0.49433 11.2988 8.42948 22.6345 

1025 3 -0.491916 11.29 14.1722 22.6517 

1025 3 -0.493568 8.47279 11.3509 22.6786 

1025 3 -0.498636 8.48528 11.2843 22.6068 

1025 3 -0.494524 8.55978 8.57849 22.6886 

1025 3 -0.496151 8.45068 14.1842 22.6272 

1025 3 -0.495566 14.1909 11.3247 22.6621 

1025 3 -0.495666 17.0158 11.3413 22.6565 

1025 3 -0.498095 14.1637 8.55443 22.6459 

1025 3 -0.49532 11.3297 14.1558 22.6235 

1025 3 -0.497529 11.2513 14.1725 22.644 

1025 3 -0.488046 11.4182 11.3476 22.7389 

1025 3 -0.496229 11.2721 8.46412 22.7236 

1025 3 -0.492584 8.47178 14.1326 22.695 

1025 3 -0.493367 5.59885 14.2347 22.6353 

1025 3 -0.494477 8.51356 11.2427 22.64 

1025 3 -0.501019 14.1699 8.48141 22.6015 

1025 3 -0.494873 11.2469 8.59999 22.6796 

1025 3 -0.494248 14.1625 14.1392 22.6402 

1025 3 -0.496973 14.2189 11.2818 22.6047 

1025 3 -0.49625 14.2238 11.3614 22.6513 

1025 3 -0.496037 11.2108 8.49471 22.659 

1025 3 -0.494822 11.2835 14.1655 22.6255 

1025 3 -0.493336 11.3554 11.3438 22.6308 

1025 3 -0.499338 8.54687 11.2787 22.6517 

1025 3 -0.497014 8.47508 8.52997 22.6313 

1025 3 -0.494575 8.50242 14.104 22.6296 

1025 3 -0.496825 8.46138 11.3548 22.6566 

1025 3 -0.495216 14.1265 11.3863 22.6506 

1025 3 -0.498289 14.1206 8.48331 22.6246 

1025 3 -0.494039 14.1861 11.3085 22.6636 

1025 3 -0.495577 11.3456 14.1815 22.6466 

1025 3 -0.498093 11.3573 11.3295 22.6279 

1025 3 -0.495324 11.4098 8.4669 22.6633 

1025 3 -0.498918 11.3811 14.1615 22.6605 

1025 3 -0.497316 8.51138 14.1871 22.6078 

1025 3 -0.496217 8.47934 11.2843 22.6281 

1025 3 -0.495807 8.51348 8.59824 22.6717 

1025 3 -0.496522 8.54223 8.60156 22.6489 

1025 3 -0.492663 14.1531 17.0438 22.6863 

1025 3 -0.496163 14.1743 11.2889 22.6394 

1025 3 -0.493287 14.2345 11.3196 22.6421 

1025 3 -0.496672 14.1842 8.50655 22.6722 

1025 3 -0.497805 11.3557 14.1972 22.647 

1025 3 -0.492831 11.3644 11.3241 22.6977 

1025 3 -0.499243 11.3062 11.2933 22.6519 

1025 3 -0.493512 11.3154 8.45564 22.6997 

1025 3 -0.49471 8.54539 14.108 22.599 

1025 3 -0.498206 8.59638 11.2124 22.6339 

1025 3 -0.500307 11.4102 11.3677 22.6019 

1025 3 -0.495701 14.068 8.494 22.6916 

1025 3 -0.495676 14.1044 14.1181 22.6389 

1025 3 -0.49504 14.2148 14.1961 22.6252 

1025 3 -0.492859 14.2113 11.2905 22.6453 

1025 3 -0.494632 11.3168 2.8618 22.6645 

1025 3 -0.495266 11.2975 14.2017 22.6354 

1025 3 -0.498503 11.3557 14.1871 22.6499 

1025 3 -0.49686 11.3621 11.3547 22.6374 

1025 3 -0.495701 8.50603 5.67006 22.6658 

1025 3 -0.491814 5.66926 8.47069 22.6887 

1025 3 -0.493825 8.52546 14.1787 22.669 

1025 3 -0.497251 14.114 8.39219 22.6743 

1025 3 -0.496744 14.0659 8.46962 22.6368 

1025 3 -0.496264 14.1891 8.48862 22.6691 

1025 3 -0.495408 14.1952 14.1889 22.6435 

1025 3 -0.495068 11.3784 11.3489 22.6375 

1025 3 -0.49694 11.3165 11.3325 22.6144 

1025 3 -0.492561 11.2876 8.49142 22.7092 

1025 3 -0.497409 11.3641 14.118 22.6063 

1025 3 -0.496564 14.2893 11.3137 22.6348 

1025 3 -0.494764 8.50499 11.2764 22.6789 

1025 3 -0.651094 10.025 8.99955 20.62 

1025 3 -0.493321 8.47305 14.0986 22.6522 

1025 3 -0.495552 14.1677 14.1287 22.6126 

1025 3 -0.496265 14.1583 11.3515 22.6328 

1025 3 -0.496359 14.1012 8.50227 22.6481 

1025 3 -0.496047 11.3133 14.1703 22.613 

1025 3 -0.496325 11.2832 14.1818 22.6411 

1025 3 -0.500395 11.2561 11.3221 22.6352 

1025 3 -0.495107 11.3651 5.73546 22.6393 

1025 3 -0.498186 8.53768 11.3089 22.6147 

1025 3 -0.495073 5.67437 17.0048 22.6346 

1025 3 -0.499003 8.5779 11.2667 22.6105 

1025 3 -0.49674 8.43204 11.301 22.6522 

1025 3 -0.49487 14.2469 11.3703 22.6504 

1025 3 -0.495719 14.1523 14.2051 22.6392 

1025 3 -0.492665 14.1623 11.2761 22.6911 

1025 3 -0.495122 14.2115 11.3981 22.6523 

1025 3 -0.496673 11.3862 8.48642 22.6487 

1025 3 -0.4964 11.3247 14.1792 22.6269 

1025 3 -0.493896 11.3471 11.3084 22.651 

1025 3 -0.497545 8.53693 11.28 22.6269 

1025 3 -0.494706 8.46936 8.49836 22.6455 

1025 3 -0.495805 8.5013 14.1437 22.6122 

1025 3 -0.494828 8.47697 14.184 22.6733 

1025 3 -0.496627 14.2219 11.3475 22.6689 

1025 3 -0.497528 14.1065 8.50819 22.6339 

1025 3 -0.494554 16.9571 14.1416 22.6281 

1025 3 -0.495392 11.2489 14.087 22.6083 

1025 3 -0.494371 11.3468 11.3507 22.6758 

1025 3 -0.495158 11.3442 8.4946 22.6406 

1025 3 -0.494964 11.2968 11.2865 22.6649 

1025 3 -0.496488 8.53093 14.1666 22.6351 

1025 3 -0.497697 8.4686 8.45626 22.6171 

1025 3 -0.49743 8.50205 11.2902 22.5978 

1025 3 -0.493867 8.54489 8.55581 22.7136 

1025 3 -0.495048 14.16 14.1814 22.6394 

1025 3 -0.494367 14.216 11.3382 22.6365 

1025 3 -0.491757 14.2053 11.3202 22.63 

1025 3 -0.496255 11.2337 8.54094 22.6577 

1025 3 -0.496075 11.3275 14.1874 22.6824 

1025 3 -0.495405 11.2971 11.3558 22.634 

1025 3 -0.496487 11.3257 11.355 22.6309 

1025 3 -0.496758 11.2718 8.50447 22.6825 

1025 3 -0.499192 8.43841 14.0848 22.6434 

1025 3 -0.498209 8.6155 14.1754 22.6108 

1025 3 -0.496393 8.53069 11.344 22.626 

1025 3 -0.496185 14.0979 8.47612 22.6884 

1025 3 -0.496322 14.1857 8.4911 22.7073 

1025 3 -0.496711 14.1301 14.2126 22.6417 

1025 3 -0.497811 11.2951 11.3181 22.6185 

1025 3 -0.499778 11.3357 8.51132 22.6412 

1025 3 -0.494269 11.2915 8.49552 22.7054 

1025 3 -0.495547 11.3429 17.003 22.6547 

1025 3 -0.494395 11.283 8.50245 22.6908 

1025 3 -0.496948 8.48533 14.043 22.6591 

1025 3 -0.497007 8.41651 8.54802 22.6572 
