1025 3 -0.49597 22.6988 5.71147 22.6755 

1025 3 -0.495885 19.7892 2.84578 22.6093 

1025 3 -0.499032 19.7526 2.76356 22.594 

1025 3 -0.493694 19.7674 0.0918683 22.7173 

1025 3 -0.491264 19.7952 5.63549 22.7264 

1025 3 -0.476746 18.2953 4.14532 23.4857 

1025 3 -0.494894 16.9868 2.87199 22.6437 

1025 3 -0.494359 16.9127 0.0491607 22.6505 

1025 3 -0.498003 19.8126 5.62412 22.6597 

1025 3 -0.500896 17.0028 5.71714 22.6396 

1025 3 -0.494593 14.0945 2.80584 22.6561 

1025 3 -0.493878 2.88234 -0.0054241 22.7561 

1025 3 -0.495151 0.0148394 2.75959 22.6874 

1025 3 -0.4959 19.8472 5.61677 22.6625 

1025 3 -0.49404 19.7782 2.85511 22.639 

1025 3 -0.499012 19.8566 22.5784 22.6641 

1025 3 -0.491831 19.787 8.45169 22.7074 

1025 3 -0.498204 16.9701 5.70941 22.6429 

1025 3 -0.498871 14.02 2.75021 22.6365 

1025 3 -0.500302 17.0301 2.82164 22.5719 

1025 3 -0.493803 16.9747 0.0487362 22.6836 

1025 3 -0.497657 14.2495 5.69982 22.6893 

1025 3 -0.496273 0.0509727 2.82576 22.6478 

1025 3 -0.493707 22.6306 2.86315 22.7055 

1025 3 -0.501584 19.7828 -0.00249983 22.6315 

1025 3 -0.494555 19.7785 5.66857 22.6691 

1025 3 -0.495941 19.7374 5.70801 22.6717 

1025 3 -0.49356 19.8625 2.87523 22.6837 

1025 3 -0.49546 16.9688 0.0627892 22.6705 

1025 3 -0.497979 17.0048 5.72835 22.6813 

1025 3 -0.499708 17.0848 5.77617 22.6652 

1025 3 -0.492816 16.953 2.74811 22.6828 

1025 3 -0.497587 14.1697 22.5965 22.676 

1025 3 -0.49441 22.6217 5.70206 22.7041 

1025 3 -0.496158 22.6616 5.70605 22.6893 

1025 3 -0.498232 19.7728 2.76756 22.6458 

1025 3 -0.494517 19.8578 2.86274 22.6609 

1025 3 -0.495861 19.834 8.52836 22.6885 

1025 3 -0.493792 19.7748 5.68867 22.7024 

1025 3 -0.49807 16.9481 0.0147661 22.659 

1025 3 -0.498552 16.988 2.7796 22.6564 

1025 3 -0.497747 17.0319 22.6772 22.6652 

1025 3 -0.495942 17.0324 5.7156 22.6776 

1025 3 -0.496935 14.0799 2.82748 22.696 

1025 3 -0.495666 2.83669 2.90707 22.6673 

1025 3 -0.493022 -0.0230951 22.7289 22.6803 

1025 3 -0.493315 19.8044 5.64236 22.7307 

1025 3 -0.495217 19.7858 2.81175 22.6944 

1025 3 -0.494965 19.9277 2.91624 22.6662 

1025 3 -0.497169 19.8042 0.016185 22.6292 

1025 3 -0.495595 16.9676 5.65533 22.7217 

1025 3 -0.493082 14.1232 5.72443 22.6422 

1025 3 -0.493238 17.0152 2.78061 22.6697 

1025 3 -0.497245 19.822 2.80504 22.6676 

1025 3 -0.49553 17.0254 8.46204 22.6658 

1025 3 -0.497124 22.74 5.71727 22.6781 

1025 3 -0.491675 22.7087 2.7881 22.7282 

1025 3 -0.49131 19.7726 2.78364 22.6606 

1025 3 -0.496457 16.96 8.50973 22.7049 

1025 3 -0.493363 19.8143 5.6579 22.6947 

1025 3 -0.493844 19.7573 0.00995104 22.6905 

1025 3 -0.494794 19.8235 2.83343 22.6538 

1025 3 -0.499743 16.993 0.0192671 22.6771 

1025 3 -0.497269 17.0712 5.73561 22.687 

1025 3 -0.497885 17.017 2.72826 22.6922 

1025 3 -0.496677 14.1609 5.71231 22.7055 

1025 3 -0.49427 22.6428 22.6892 22.6931 

1025 3 -0.496946 22.6725 2.74224 22.6423 

1025 3 -0.492456 19.7625 8.59083 22.7242 

1025 3 -0.496821 19.7686 5.66444 22.6759 

1025 3 -0.499465 19.7657 0.0539549 22.6331 

1025 3 -0.499632 19.8087 5.65602 22.6365 

1025 3 -0.493028 16.976 5.78186 22.6629 

1025 3 -0.497611 16.9289 2.81066 22.6378 

1025 3 -0.497781 16.9011 -0.0241256 22.6553 

1025 3 -0.499665 19.8623 2.8113 22.684 

1025 3 -0.494335 17.0286 5.75904 22.7062 

1025 3 -0.49509 14.1304 2.78346 22.6653 

1025 3 -0.492795 2.88566 2.93713 22.7214 

1025 3 -0.495221 19.8235 2.84133 22.6733 

1025 3 -0.492963 19.746 5.75167 22.6949 

1025 3 -0.498473 19.7667 2.82858 22.6974 

1025 3 -0.497972 19.8155 2.76718 22.6985 

1025 3 -0.497837 19.7965 22.6502 22.6681 

1025 3 -0.494748 16.9277 5.71537 22.7191 

1025 3 -0.495646 17.0667 2.74671 22.678 

1025 3 -0.492379 19.8163 2.87055 22.6787 

1025 3 -0.497349 16.9825 22.6796 22.6654 

1025 3 -0.493387 14.1338 2.84412 22.6835 

1025 3 -0.498237 22.7778 5.68271 22.6847 

1025 3 -0.497088 0.013369 2.80667 22.6766 

1025 3 -0.495167 19.7562 19.7597 22.6385 

1025 3 -0.498679 19.8207 5.65231 22.6769 

1025 3 -0.4951 0.00917016 5.63675 22.6927 

1025 3 -0.49572 19.7901 2.81995 22.6431 

1025 3 -0.495086 17.0155 19.8928 22.6344 

1025 3 -0.496982 16.9465 5.65364 22.7027 

1025 3 -0.500326 17.0309 5.78891 22.6909 

1025 3 -0.495121 16.9508 2.86944 22.6672 

1025 3 -0.479635 15.5457 1.46331 23.4227 

1025 3 -0.495708 2.75774 11.3868 22.6987 

1025 3 -0.497331 0.0558728 5.75817 22.6475 

1025 3 -0.496284 19.8411 2.82925 22.6513 

1025 3 -0.497119 19.8432 2.80145 22.6903 

1025 3 -0.490703 19.7529 0.0316574 22.7049 

1025 3 -0.500122 19.7838 5.56526 22.653 

1025 3 -0.49713 19.8035 2.79421 22.6944 

1025 3 -0.496593 16.9758 2.76621 22.6412 

1025 3 -0.494501 17.0265 22.6513 22.6993 

1025 3 -0.498809 17.0375 2.73651 22.6084 

1025 3 -0.495219 11.3291 5.57928 22.6683 

1025 3 -0.495959 -0.0325394 2.83717 22.6774 

1025 3 -0.495364 0.0104976 19.7886 22.6841 

1025 3 -0.498455 19.7981 5.61747 22.6241 

1025 3 -0.49234 19.7559 5.72232 22.6975 

1025 3 -0.496054 19.7988 2.84034 22.6747 

1025 3 -0.497313 19.8538 22.6378 22.6577 

1025 3 -0.492869 17.0428 5.77394 22.7235 

1025 3 -0.498241 16.9973 8.51469 22.6842 

1025 3 -0.495075 16.9969 2.82543 22.6993 

1025 3 -0.497618 19.7244 2.88011 22.6766 

1025 3 -0.494297 14.1693 5.66028 22.6812 

1025 3 -0.49395 22.6622 5.74437 22.6974 

1025 3 -0.495099 22.6499 2.81941 22.666 

1025 3 -0.495303 -0.0266451 2.80041 22.6722 

1025 3 -0.494199 19.8291 22.6327 22.7068 

1025 3 -0.495063 19.7789 5.65854 22.6953 

1025 3 -0.49695 19.7792 5.61919 22.6742 

1025 3 -0.494451 19.8781 2.85175 22.6689 

1025 3 -0.492541 16.9428 -0.00456151 22.6639 

1025 3 -0.497314 16.9949 5.78206 22.6962 

1025 3 -0.494229 17.0229 5.70423 22.6974 

1025 3 -0.494857 14.0774 2.81659 22.6602 

1025 3 -0.492397 22.6215 22.7176 22.6876 

1025 3 -0.49297 0.0137671 5.65286 22.7269 

1025 3 -0.49592 19.757 5.79214 22.686 

1025 3 -0.49936 19.8098 2.80487 22.6355 

1025 3 -0.497543 19.801 22.6275 22.6951 

1025 3 -0.497903 22.7125 5.67433 22.6625 

1025 3 -0.496826 17.002 5.66468 22.6626 

1025 3 -0.495937 16.9412 0.0253559 22.6659 

1025 3 -0.494455 16.8848 2.82403 22.6556 

1025 3 -0.496743 19.7926 8.60443 22.6726 

1025 3 -0.495746 17.0467 5.79396 22.7165 

1025 3 -0.497803 22.5743 2.8861 22.6263 

1025 3 -0.496811 2.87517 2.92916 22.6862 

1025 3 -0.494368 19.7814 22.6496 22.6798 

1025 3 -0.496277 19.8059 5.719 22.6334 

1025 3 -0.496662 19.7614 2.80224 22.6748 

1025 3 -0.49562 19.814 2.86013 22.7204 

1025 3 -0.497755 19.7573 22.5949 22.6729 

1025 3 -0.493247 17.0106 5.67041 22.741 

1025 3 -0.49778 17.0461 5.75449 22.688 

1025 3 -0.497162 16.9552 2.80477 22.6814 

1025 3 -0.496742 14.1394 0.0124722 22.6734 

1025 3 -0.492803 17.0888 5.71678 22.6963 

1025 3 -0.495779 -0.0149774 5.67232 22.6983 

1025 3 -0.499179 19.7615 2.76044 22.651 

1025 3 -0.4977 19.8353 2.82164 22.6413 

1025 3 -0.493776 19.8323 2.80678 22.6741 

1025 3 -0.494245 22.723 5.6805 22.7027 

1025 3 -0.498359 19.8247 0.0206496 22.6624 

1025 3 -0.490927 16.9951 5.67906 22.7321 

1025 3 -0.496718 16.9395 0.0129744 22.6532 

1025 3 -0.497162 16.9958 5.74867 22.6356 

1025 3 -0.496729 16.9794 2.77887 22.6732 

1025 3 -0.495703 14.1127 2.8104 22.6382 

1025 3 -0.496588 -0.0388258 0.0539682 22.6656 

1025 3 -0.493892 0.0484891 5.73476 22.7099 

1025 3 -0.497236 19.7754 2.82783 22.662 

1025 3 -0.494895 19.8603 2.9201 22.7017 

1025 3 -0.492782 19.7638 -0.00730733 22.7072 

1025 3 -0.495594 19.8475 5.66677 22.6606 

1025 3 -0.500765 19.7239 5.64261 22.6146 

1025 3 -0.498281 16.8886 2.80222 22.6308 

1025 3 -0.495179 16.9212 22.6388 22.6828 

1025 3 -0.497442 19.7674 8.4263 22.6809 

1025 3 -0.494299 14.1385 5.71684 22.7145 

1025 3 -0.497665 22.6744 2.76194 22.6557 

1025 3 -0.495445 22.576 22.7041 22.6541 

1025 3 -0.492156 0.031118 2.87238 22.7134 

1025 3 -0.498453 19.7529 5.68036 22.6666 

1025 3 -0.496399 -0.0276224 2.7972 22.6509 

1025 3 -0.496818 19.8454 2.88078 22.6704 

1025 3 -0.494253 14.1244 0.057055 22.6838 

1025 3 -0.497079 16.9623 5.69717 22.7353 

1025 3 -0.497927 17.0122 2.79028 22.6668 

1025 3 -0.495146 16.9949 2.77842 22.6819 

1025 3 -0.497316 14.1394 0.0117721 22.6297 

1025 3 -0.493888 22.6516 5.6657 22.6975 

1025 3 -0.494589 0.04892 2.76958 22.6841 

1025 3 -0.499262 19.8057 2.81351 22.6262 

1025 3 -0.496293 16.949 22.6711 22.6789 

1025 3 -0.496933 19.8247 5.64285 22.6806 

1025 3 -0.494973 19.7745 5.63567 22.6651 

1025 3 -0.497078 19.7767 2.8285 22.6564 

1025 3 -0.497839 16.9303 0.0335347 22.6442 

1025 3 -0.496611 16.9663 5.74169 22.6831 

1025 3 -0.496218 17.0361 5.78274 22.6896 

1025 3 -0.496735 16.9967 2.7791 22.6407 

1025 3 -0.491141 0.0117271 5.67069 22.7548 

1025 3 -0.499065 0.0778049 8.49528 22.6214 

1025 3 -0.494174 19.7438 5.74998 22.6749 

1025 3 -0.495298 19.7827 2.77453 22.6807 

1025 3 -0.493475 19.854 2.85907 22.7282 

1025 3 -0.496886 19.73 22.6699 22.6754 

1025 3 -0.496177 16.9458 5.68176 22.7115 

1025 3 -0.49756 14.0668 2.80632 22.6497 

1025 3 -0.497302 16.991 2.73379 22.6473 

1025 3 -0.49456 16.9955 19.8122 22.6928 

1025 3 -0.496409 19.7486 5.63718 22.6751 

1025 3 -0.49716 0.0689024 2.77308 22.688 

1025 3 -0.494854 0.0642678 5.6605 22.7145 

1025 3 -0.498577 22.6702 19.8296 22.6701 

1025 3 -0.499028 19.7384 2.77481 22.6348 

1025 3 -0.497135 19.6916 5.6725 22.6675 

1025 3 -0.497189 19.7324 2.78052 22.6944 

1025 3 -0.493369 19.8548 22.6353 22.7103 

1025 3 -0.495662 17.0141 5.69877 22.733 

1025 3 -0.498558 17.0571 5.71995 22.6618 

1025 3 -0.495317 16.9939 2.71294 22.6564 

1025 3 -0.482324 15.5676 1.40434 23.3851 

1025 3 -0.49683 14.2108 5.7142 22.6804 

1025 3 -0.491432 22.6604 5.65447 22.7261 

1025 3 -0.499427 19.8068 2.80587 22.6746 

1025 3 -0.493859 16.9888 2.86521 22.6692 

1025 3 -0.494245 19.7198 0.0183365 22.6981 

1025 3 -0.49242 19.8271 5.65514 22.7178 

1025 3 -0.499852 16.9422 2.78477 22.5739 

1025 3 -0.495531 16.9855 2.81364 22.691 

1025 3 -0.493303 17.013 22.7031 22.6609 

1025 3 -0.496869 17.0371 5.71274 22.6536 

1025 3 -0.492655 16.9589 8.53465 22.6799 

1025 3 -0.496479 14.0615 2.79946 22.6768 

1025 3 -0.494979 2.84893 22.6718 22.7143 

1025 3 -0.496194 0.0657269 5.6994 22.7269 

1025 3 -0.494151 19.841 5.69357 22.6843 

1025 3 -0.500403 19.7782 2.78357 22.6644 

1025 3 -0.495775 19.82 22.6422 22.6967 

1025 3 -0.494912 19.8137 5.66269 22.6821 

1025 3 -0.494866 16.9344 8.46965 22.6873 

1025 3 -0.499463 17.1216 2.80126 22.6551 

1025 3 -0.497845 16.9856 2.80312 22.6196 

1025 3 -0.486685 15.4542 7.02111 23.3864 

1025 3 -0.497505 14.2646 5.72663 22.6784 

1025 3 -0.496946 22.6822 2.8738 22.6794 

1025 3 -0.495414 -0.0570126 2.8577 22.6913 

1025 3 -0.493589 19.7599 22.7434 22.6897 

1025 3 -0.499007 19.697 5.60734 22.6548 

1025 3 -0.495459 19.7624 2.80414 22.6347 

1025 3 -0.496938 19.8667 2.80797 22.6823 

1025 3 -0.495294 16.946 -0.0277905 22.6969 

1025 3 -0.499462 16.9675 5.72585 22.6942 

1025 3 -0.49661 17.1036 5.77559 22.6895 

1025 3 -0.495158 17.0364 2.81068 22.6732 

1025 3 -0.492641 14.1495 19.7954 22.6524 

1025 3 -0.494609 2.81919 5.74872 22.7155 

1025 3 -0.497313 2.75208 5.65333 22.6568 

1025 3 -0.492532 19.7792 2.76245 22.6923 

1025 3 -0.497674 19.8222 -0.00858345 22.6615 

1025 3 -0.494516 19.8204 5.61633 22.6734 

1025 3 -0.496691 19.9078 8.53442 22.6813 

1025 3 -0.491912 16.9286 2.89044 22.6882 

1025 3 -0.496017 16.9321 2.76348 22.6609 

1025 3 -0.495057 16.9192 8.56533 22.6448 

1025 3 -0.496467 17.0833 5.76648 22.7082 

1025 3 -0.495826 14.1624 2.7905 22.6819 

1025 3 -0.490652 22.6126 2.81811 22.7066 

1025 3 -0.496935 -0.00645832 0.0954595 22.6605 

1025 3 -0.496301 19.7788 5.69538 22.6718 

1025 3 -0.493161 19.7728 2.82332 22.7218 

1025 3 -0.495566 19.7739 2.76508 22.6662 

1025 3 -0.49364 19.7944 22.6632 22.673 

1025 3 -0.495373 16.99 5.66283 22.7179 

1025 3 -0.497246 14.0856 2.77818 22.6308 

1025 3 -0.498431 17.0267 2.75466 22.6292 

1025 3 -0.494943 19.8009 0.0235239 22.6707 

1025 3 -0.499014 14.1325 2.85666 22.6276 

1025 3 -0.496128 22.7033 5.64162 22.6902 

1025 3 -0.492307 22.6535 2.7934 22.738 

1025 3 -0.495473 19.7862 0.00147495 22.6608 

1025 3 -0.496029 17.0073 5.72085 22.6704 

1025 3 -0.492776 19.757 5.71059 22.7276 

1025 3 -0.494539 19.8231 0.0139492 22.6856 

1025 3 -0.495437 19.7777 5.67314 22.6757 

1025 3 -0.498999 17.003 8.46585 22.6363 

1025 3 -0.495179 17.025 5.7644 22.7175 

1025 3 -0.497137 17.0424 2.8174 22.659 

1025 3 -0.500329 14.019 2.88629 22.6366 

1025 3 -0.49278 -0.0712874 0.048448 22.7008 

1025 3 -0.498761 0.0276232 2.74379 22.6385 

1025 3 -0.496182 19.7929 2.78301 22.6394 

1025 3 -0.492683 19.802 8.52821 22.7261 

1025 3 -0.491787 19.8261 22.7161 22.7336 

1025 3 -0.496124 19.8227 5.64636 22.6971 

1025 3 -0.495804 17.0181 5.73442 22.6557 

1025 3 -0.494881 17.0167 2.76488 22.6939 

1025 3 -0.498354 16.8941 -0.0197174 22.6483 

1025 3 -0.493502 19.8507 5.63489 22.6671 

1025 3 -0.498484 17.0926 5.79534 22.6953 

1025 3 -0.49677 14.0876 2.81033 22.62 

1025 3 -0.49421 2.86816 22.5966 22.7226 

1025 3 -0.494816 19.8625 5.64475 22.6622 

1025 3 -0.498811 19.7422 5.71859 22.6774 

1025 3 -0.4941 19.8131 2.8027 22.6802 

1025 3 -0.497788 19.8517 2.87497 22.6746 

1025 3 -0.497073 22.5658 8.55282 22.6497 

1025 3 -0.498412 16.98 5.64856 22.6791 

1025 3 -0.495255 17.0598 2.77618 22.6552 

1025 3 -0.493889 19.8063 2.80507 22.6786 

1025 3 -0.494557 17.0556 2.76873 22.6885 

1025 3 -0.500698 14.2051 5.7018 22.5932 

1025 3 -0.497187 22.6997 2.83207 22.6855 

1025 3 -0.49459 2.83792 5.69036 22.6658 

1025 3 -0.491085 19.8128 19.827 22.6629 

1025 3 -0.493994 16.9253 5.71096 22.6541 

1025 3 -0.494489 19.7901 5.63307 22.6711 

1025 3 -0.49576 19.7888 2.76221 22.667 

1025 3 -0.495317 14.2072 22.618 22.6877 

1025 3 -0.49468 16.9566 5.70302 22.713 

1025 3 -0.494783 17.0407 5.74485 22.7169 

1025 3 -0.495494 17.0745 5.73755 22.6977 

1025 3 -0.49284 16.9616 22.6406 22.6748 

1025 3 -0.496262 0.0325363 5.69585 22.6668 

1025 3 -0.494658 22.6298 5.65882 22.6738 

1025 3 -0.495352 19.8098 2.84058 22.6867 

1025 3 -0.49381 19.818 2.83082 22.6667 

1025 3 -0.495511 19.7063 0.0269619 22.7271 

1025 3 -0.493891 19.8384 5.62352 22.6712 

1025 3 -0.492027 19.8066 19.7663 22.7036 

1025 3 -0.494341 16.9644 2.76319 22.6644 

1025 3 -0.497138 16.9251 22.6567 22.6424 

1025 3 -0.495966 17.0048 5.73062 22.6618 

1025 3 -0.493706 11.3378 5.56931 22.698 

1025 3 -0.49548 2.86145 2.8484 22.678 

1025 3 -0.495407 0.107864 19.7137 22.6824 

1025 3 -0.498509 17.0212 2.77386 22.6551 

1025 3 -0.49668 19.7539 5.69099 22.6737 

1025 3 -0.496196 19.8934 2.835 22.6506 

1025 3 -0.500291 19.7976 0.0441781 22.6264 

1025 3 -0.495546 14.252 5.64063 22.6519 

1025 3 -0.495829 14.2273 5.61244 22.6797 

1025 3 -0.494242 16.9687 2.82014 22.6989 

1025 3 -0.493709 19.7583 0.0140562 22.6707 

1025 3 -0.495892 16.9589 8.5277 22.719 

1025 3 -0.492554 -0.02832 5.62013 22.7376 

1025 3 -0.494984 0.0203801 2.82797 22.7121 

1025 3 -0.492858 19.7201 -3.95366e-05 22.6618 

1025 3 -0.499262 19.8032 22.6303 22.6578 

1025 3 -0.497678 19.7719 5.5995 22.6942 

1025 3 -0.49492 19.8432 2.80937 22.6576 

1025 3 -0.498621 19.826 2.83981 22.641 

1025 3 -0.494586 16.9029 -0.00554931 22.6718 

1025 3 -0.494677 16.9985 5.74428 22.6992 

1025 3 -0.497046 17.0445 5.7579 22.6958 

1025 3 -0.497073 14.1103 2.76609 22.6549 

1025 3 -0.494439 22.5796 22.6719 22.6689 

1025 3 -0.496374 22.6623 2.78959 22.678 

1025 3 -0.493835 19.7832 5.68907 22.6864 

1025 3 -0.496569 19.7924 2.81969 22.688 

1025 3 -0.497145 19.7866 22.6302 22.695 

1025 3 -0.496483 19.8052 5.65951 22.6871 

1025 3 -0.498138 16.9293 8.45641 22.7145 

1025 3 -0.496798 16.9669 0.0300031 22.6336 

1025 3 -0.492637 16.93 22.5938 22.6871 

1025 3 -0.490685 19.7337 8.53045 22.7023 

1025 3 -0.495254 17.0099 5.79057 22.6721 

1025 3 -0.495902 22.6885 2.8406 22.681 

1025 3 -0.498565 5.60664 2.88204 22.6465 

1025 3 -0.498593 19.7224 0.11545 22.658 

1025 3 -0.49376 19.7958 5.66419 22.7081 

1025 3 -0.49689 19.7679 2.81112 22.6926 

1025 3 -0.495524 19.8332 2.84446 22.6969 

1025 3 -0.494764 19.7673 0.0270977 22.651 

1025 3 -0.49599 17.053 5.69389 22.7014 

1025 3 -0.501161 17.0421 5.73618 22.6217 

1025 3 -0.495975 16.9377 2.82479 22.6853 

1025 3 -0.497248 17.0569 19.7739 22.6636 

1025 3 -0.498194 11.3243 2.72812 22.6483 

1025 3 -0.496609 0.0721435 5.68915 22.6831 

1025 3 -0.49831 19.7843 2.78476 22.6411 

1025 3 -0.494486 19.7376 22.6097 22.6834 

1025 3 -0.493117 19.7915 5.63792 22.7203 

1025 3 -0.494407 22.7148 5.67853 22.7053 

1025 3 -0.49812 19.7942 2.84289 22.6554 

1025 3 -0.495289 16.9041 2.85109 22.6478 

1025 3 -0.495461 16.9219 8.54618 22.6896 

1025 3 -0.612276 16.9064 5.67539 21.3493 

1025 3 -0.495557 16.9578 2.8527 22.6562 

1025 3 -0.498521 14.2192 22.6724 22.6585 

1025 3 -0.496693 22.5818 22.6635 22.6606 

1025 3 -0.496525 0.0131463 5.73664 22.6732 

1025 3 -0.495442 19.8336 2.82915 22.6462 

1025 3 -0.495138 19.8474 2.81863 22.6632 

1025 3 -0.493866 19.7727 0.0088909 22.7173 

1025 3 -0.49243 19.8241 5.66919 22.7269 

1025 3 -0.494704 19.8063 2.85989 22.6692 

1025 3 -0.495468 17.0708 2.76487 22.6477 

1025 3 -0.497074 19.8285 -0.00167759 22.6509 

1025 3 -0.494922 17.0162 5.7207 22.6637 

1025 3 -0.49796 11.3849 5.69678 22.6545 

1025 3 -0.492153 22.7298 2.77991 22.708 

1025 3 -0.495252 22.6101 2.89953 22.6831 

1025 3 -0.496651 0.039641 8.4626 22.6151 

1025 3 -0.493333 19.7095 5.6681 22.6895 

1025 3 -0.493582 19.8214 2.82679 22.6981 

1025 3 -0.492621 19.7977 2.82093 22.7143 

1025 3 -0.496326 16.9394 8.54978 22.6789 

1025 3 -0.497377 17.03 5.74235 22.6864 

1025 3 -0.497708 17.0175 2.78424 22.663 

1025 3 -0.493067 16.9519 2.9267 22.6816 

1025 3 -0.489592 14.1589 22.6617 22.7326 

1025 3 -0.493049 22.6225 5.64579 22.72 

1025 3 -0.496048 0.034589 2.92376 22.676 

1025 3 -0.497036 19.7683 5.70615 22.627 

1025 3 -0.491773 19.8439 19.7802 22.6937 

1025 3 -0.494711 19.7894 5.63977 22.686 

1025 3 -0.495595 19.8311 5.62505 22.6921 

1025 3 -0.497056 19.8115 2.89046 22.6347 

1025 3 -0.499393 16.9482 -0.0119056 22.5884 

1025 3 -0.495577 17.0241 5.68586 22.7192 

1025 3 -0.495746 17.0042 5.76425 22.7006 

1025 3 -0.497842 14.1189 2.79711 22.6429 

1025 3 -0.495834 -0.0565624 0.0423628 22.7021 

1025 3 -0.497382 22.6372 5.70119 22.6828 

1025 3 -0.497324 19.7245 5.66319 22.6208 

1025 3 -0.501564 19.8697 2.91259 22.6187 

1025 3 -0.501593 19.8492 2.85229 22.6107 

1025 3 -0.495091 19.7831 8.52111 22.7062 

1025 3 -0.493982 16.9866 5.65544 22.7182 

1025 3 -0.49686 14.0746 2.82324 22.6775 

1025 3 -0.496959 17.0163 2.90005 22.7249 

1025 3 -0.493146 16.9558 0.0341825 22.6864 

1025 3 -0.497517 16.9823 5.74715 22.6904 

1025 3 -0.497024 22.667 2.78914 22.6795 

1025 3 -0.494012 22.7118 5.63759 22.6856 

1025 3 -0.493484 19.7046 0.0736686 22.6891 

1025 3 -0.497973 19.7898 2.82219 22.6425 

1025 3 -0.493945 19.7213 5.7036 22.6599 

1025 3 -0.494865 19.8123 2.85503 22.6602 

1025 3 -0.496402 19.8145 22.5935 22.6895 

1025 3 -0.497771 17.0353 5.76077 22.665 

1025 3 -0.498155 17.0429 5.70194 22.6542 

1025 3 -0.49433 17.015 2.7244 22.7017 

1025 3 -0.477546 15.5295 1.42853 23.421 

1025 3 -0.492589 14.1318 8.47609 22.666 

1025 3 -0.498333 22.6561 5.71874 22.6749 

1025 3 -0.495855 19.7756 2.77098 22.6934 

1025 3 -0.50055 19.8431 2.86976 22.611 

1025 3 -0.496423 19.7778 8.49723 22.6781 

1025 3 -0.493726 19.8172 5.71035 22.6759 

1025 3 -0.496263 16.9842 2.73666 22.6598 

1025 3 -0.503289 16.9832 2.78173 22.6447 

1025 3 -0.493864 16.9411 -0.0137981 22.67 

1025 3 -0.498146 17.0561 5.71132 22.6653 

1025 3 -0.498284 17.033 2.74273 22.6571 

1025 3 -0.495075 14.0848 5.65899 22.6812 

1025 3 -0.497687 -0.0381766 19.8145 22.6631 

1025 3 -0.494008 2.90183 2.86754 22.67 

1025 3 -0.497962 19.7176 5.74015 22.6622 

1025 3 -0.495081 19.8238 2.83362 22.7023 

1025 3 -0.49561 19.8387 0.0506219 22.6896 

1025 3 -0.500032 -0.00421982 5.71235 22.6727 

1025 3 -0.493709 16.999 8.47759 22.6928 

1025 3 -0.503034 17.0547 2.77535 22.6323 

1025 3 -0.490836 16.9248 0.0539758 22.6892 

1025 3 -0.465243 15.4334 7.10249 23.5185 

1025 3 -0.497281 14.1888 5.64499 22.672 

1025 3 -0.4935 22.6665 2.83462 22.6996 

1025 3 -0.498887 19.7269 22.5945 22.6626 

1025 3 -0.498394 16.9967 8.4591 22.6587 

1025 3 -0.496533 19.7465 5.67724 22.6686 

1025 3 -0.495078 19.7306 2.84417 22.669 

1025 3 -0.49587 19.8041 2.82789 22.676 

1025 3 -0.498475 17.0435 -0.0740745 22.6568 

1025 3 -0.49823 16.9785 5.70952 22.6724 

1025 3 -0.495973 17.0664 5.76212 22.673 

1025 3 -0.494363 16.998 5.72706 22.6806 

1025 3 -0.493787 14.1203 19.7695 22.6184 

1025 3 -0.492638 2.83856 5.69627 22.7281 

1025 3 -0.495052 22.6381 8.49906 22.6713 

1025 3 -0.49661 19.795 2.8053 22.6527 

1025 3 -0.4955 16.9593 0.00906242 22.6652 

1025 3 -0.498142 19.8394 5.62654 22.6618 

1025 3 -0.49669 19.8089 11.3131 22.6596 

1025 3 -0.497448 16.9111 2.9085 22.6603 

1025 3 -0.497238 16.9285 -0.03112 22.6595 

1025 3 -0.493759 16.9394 11.3466 22.6238 

1025 3 -0.493385 17.0525 5.77143 22.7223 

1025 3 -0.497563 14.0591 2.73734 22.614 

1025 3 -0.49594 22.6023 2.83176 22.6936 

1025 3 -0.496739 0.0260906 22.7558 22.6758 

1025 3 -0.494734 19.7826 5.68229 22.6816 

1025 3 -0.493956 19.7545 2.81915 22.6878 

1025 3 -0.496537 19.825 2.83817 22.7195 

1025 3 -0.494469 19.7795 -0.00540564 22.7217 

1025 3 -0.493609 17.0131 5.73881 22.6991 

1025 3 -0.497166 14.125 5.73282 22.6373 

1025 3 -0.502112 17.0727 2.73649 22.6136 

1025 3 -0.496923 16.9793 19.7955 22.6365 
