1025 3 -0.495793 5.61356 5.60579 22.6631 

1025 3 -0.495557 2.7447 0.00465541 22.7152 

1025 3 -0.499291 5.69825 2.85715 22.6529 

1025 3 -0.494188 5.73417 19.7987 22.6779 

1025 3 -0.496336 5.60399 5.6551 22.6666 

1025 3 -0.492753 0.044522 2.88842 22.7169 

1025 3 -0.492796 2.84258 2.86244 22.723 

1025 3 -0.495343 2.89036 -0.0450224 22.724 

1025 3 -0.496046 2.81726 5.65729 22.718 

1025 3 -0.493904 19.6984 5.72261 22.6421 

1025 3 -0.496441 0.0619411 2.79929 22.6633 

1025 3 -0.496062 5.61629 19.8919 22.6472 

1025 3 -0.496994 5.61705 5.63559 22.6556 

1025 3 -0.495723 5.65932 5.70222 22.6773 

1025 3 -0.493265 5.65682 2.82312 22.7103 

1025 3 -0.494581 2.81269 0.0148793 22.7266 

1025 3 -0.49344 2.82934 8.54176 22.6452 

1025 3 -0.496821 2.8697 5.72009 22.6317 

1025 3 -0.497694 5.62765 2.8235 22.6204 

1025 3 -0.492164 2.81355 2.89341 22.7063 

1025 3 -0.493488 -0.0559598 -0.0249746 22.6333 

1025 3 -0.497009 0.0863913 5.64276 22.6856 

1025 3 -0.493004 8.47397 2.8095 22.6499 

1025 3 -0.493897 5.64441 2.79705 22.6562 

1025 3 -0.4973 5.70441 0.0369304 22.6312 

1025 3 -0.49353 5.60987 2.78276 22.6406 

1025 3 -0.492844 11.2881 5.61541 22.6578 

1025 3 -0.494057 2.83923 2.84081 22.6637 

1025 3 -0.496463 2.88341 22.6041 22.694 

1025 3 -0.49411 2.8705 5.71832 22.7143 

1025 3 -0.495993 2.84476 5.70811 22.6552 

1025 3 -0.494562 22.6599 2.87816 22.7036 

1025 3 -0.495685 22.5663 0.0191914 22.6555 

1025 3 -0.494549 8.4946 5.68264 22.6821 

1025 3 -0.497431 5.67538 8.5319 22.6912 

1025 3 -0.494874 5.66682 2.75806 22.7065 

1025 3 -0.494157 5.64586 2.89578 22.6835 

1025 3 -0.494623 5.72666 8.48785 22.6778 

1025 3 -0.498513 2.79941 5.6523 22.6576 

1025 3 -0.497468 2.79427 2.86818 22.6945 

1025 3 -0.496904 2.84776 2.92369 22.7382 

1025 3 -0.495032 2.83311 22.5957 22.6809 

1025 3 -0.493501 22.6135 5.61846 22.7094 

1025 3 -0.497013 0.0159012 2.92491 22.6894 

1025 3 -0.497942 8.52955 2.881 22.6677 

1025 3 -0.49646 5.585 22.699 22.6668 

1025 3 -0.496868 5.69996 5.67195 22.6914 

1025 3 -0.496152 5.66105 5.70708 22.677 

1025 3 -0.494557 5.66316 2.81063 22.6753 

1025 3 -0.495708 2.8527 0.020666 22.7123 

1025 3 -0.495241 22.6039 5.62579 22.6973 

1025 3 -0.497903 2.85504 5.65749 22.6759 

1025 3 -0.494294 2.91307 2.96743 22.7188 

1025 3 -0.495043 22.5759 0.0481128 22.6796 

1025 3 -0.492773 -0.0291432 5.62469 22.7453 

1025 3 -0.492825 11.2871 8.51331 22.7327 

1025 3 -0.493574 5.63374 2.95093 22.671 

1025 3 -0.493172 5.59116 2.89095 22.7028 

1025 3 -0.495943 5.6995 8.47785 22.6748 

1025 3 -0.496052 5.67408 5.70656 22.6925 

1025 3 -0.495944 2.86654 2.82555 22.6699 

1025 3 -0.495553 22.6291 2.81855 22.6403 

1025 3 -0.495381 2.86777 -0.060808 22.7704 

1025 3 -0.498506 2.83655 5.61369 22.6435 

1025 3 -0.493771 2.85261 2.83928 22.7086 

1025 3 -0.492054 -0.0180485 2.82219 22.7078 

1025 3 -0.494765 8.49715 -0.0818303 22.6734 

1025 3 -0.48887 5.69421 5.63744 22.7467 

1025 3 -0.495752 2.8669 5.67558 22.6491 

1025 3 -0.495745 5.6153 2.81298 22.6346 

1025 3 -0.489992 5.61385 -0.0315232 22.6968 

1025 3 -0.498964 5.71146 5.7274 22.6465 

1025 3 -0.496875 2.86029 5.70112 22.684 

1025 3 -0.493873 2.91043 2.8924 22.6586 

1025 3 -0.494231 2.82893 22.6279 22.7381 

1025 3 -0.494608 2.85299 2.84503 22.6995 

1025 3 -0.495286 0.135402 8.52615 22.6598 

1025 3 -0.494176 22.6594 2.82425 22.7058 

1025 3 -0.49706 5.6472 2.82578 22.6809 

1025 3 -0.493932 5.64728 8.52425 22.702 

1025 3 -0.492692 5.64438 5.72275 22.6737 

1025 3 -0.495191 5.69057 2.80095 22.6761 

1025 3 -0.496342 5.64287 2.85829 22.6504 

1025 3 -0.498108 2.82886 0.0363644 22.6732 

1025 3 -0.502328 2.86137 5.74966 22.6243 

1025 3 -0.500463 5.61729 22.6965 22.6577 

1025 3 -0.497939 2.9663 2.98013 22.633 

1025 3 -0.493251 -0.109363 0.0139017 22.6917 

1025 3 -0.4936 -0.0212767 5.63884 22.7356 

1025 3 -0.494533 5.68616 5.65475 22.6288 

1025 3 -0.495521 5.65812 2.85249 22.6473 

1025 3 -0.49428 5.68191 22.6099 22.6774 

1025 3 -0.493513 8.59182 5.69084 22.6925 

1025 3 -0.48384 4.31307 7.05243 23.4181 

1025 3 -0.495408 2.83293 2.86479 22.7111 

1025 3 -0.498215 2.88167 -0.0206445 22.7238 

1025 3 -0.497255 2.8959 5.72128 22.6829 

1025 3 -0.496985 2.77203 8.53892 22.6931 

1025 3 -0.493423 22.5883 0.0721874 22.7031 

1025 3 -0.493873 22.6176 2.89543 22.6457 

1025 3 -0.496307 8.42405 11.3107 22.6747 

1025 3 -0.497452 5.67314 5.64873 22.6602 

1025 3 -0.489997 5.66818 2.82409 22.7425 

1025 3 -0.492958 8.5326 2.87355 22.689 

1025 3 -0.495244 5.73854 22.7094 22.6359 

1025 3 -0.496782 2.82454 5.76414 22.6999 

1025 3 -0.494567 2.76077 2.84063 22.6407 

1025 3 -0.497207 2.84245 2.90849 22.6828 

1025 3 -0.498248 2.86386 22.6017 22.7118 

1025 3 -0.495843 -0.0161605 5.67237 22.6975 

1025 3 -0.49543 22.612 5.75373 22.6981 

1025 3 -0.498738 8.53809 22.6478 22.6792 

1025 3 -0.499246 5.65485 22.7296 22.6086 

1025 3 -0.498123 5.63647 5.68301 22.6457 

1025 3 -0.496926 5.67386 5.67069 22.6759 

1025 3 -0.496236 5.70547 2.75916 22.6689 

1025 3 -0.494141 5.63497 2.86347 22.6463 

1025 3 -0.497294 2.88904 5.6818 22.6555 

1025 3 -0.496542 5.6652 5.65876 22.6694 

1025 3 -0.493171 2.82094 2.94981 22.6639 

1025 3 -0.496339 22.6035 5.65127 22.702 

1025 3 -0.493798 -0.0349985 8.55156 22.6871 

1025 3 -0.496996 8.59586 5.59061 22.673 

1025 3 -0.492602 5.62498 2.84083 22.6817 

1025 3 -0.493261 5.59889 2.80346 22.6843 

1025 3 -0.493508 5.58211 0.0355748 22.6808 

1025 3 -0.494624 5.62636 5.73324 22.6979 

1025 3 -0.493498 2.79067 2.87236 22.6827 

1025 3 -0.493357 2.87166 5.6559 22.7298 

1025 3 -0.496168 2.83851 22.5996 22.7637 

1025 3 -0.493787 2.83258 5.68442 22.7062 

1025 3 -0.49693 22.6416 2.85049 22.6875 

1025 3 -0.494597 0.0434389 2.85836 22.69 

1025 3 -0.494075 8.48606 22.6373 22.7012 

1025 3 -0.496395 5.65635 5.67622 22.6723 

1025 3 -0.500509 2.78278 5.71305 22.6251 

1025 3 -0.496221 5.66045 2.81361 22.622 

1025 3 -0.495225 5.69017 2.78701 22.6729 

1025 3 -0.497156 5.70329 5.6343 22.6306 

1025 3 -0.498282 2.78156 5.67304 22.6798 

1025 3 -0.492653 2.87603 2.89527 22.6708 

1025 3 -0.493986 2.80279 2.91806 22.6948 

1025 3 -0.496059 19.7307 8.50262 22.6428 

1025 3 -0.495279 22.7037 5.65006 22.6982 

1025 3 -0.495758 8.45284 2.84736 22.6822 

1025 3 -0.493081 5.665 2.85766 22.7278 

1025 3 -0.495833 5.67104 -0.0295703 22.6348 

1025 3 -0.498138 8.57218 5.58391 22.6471 

1025 3 -0.496515 5.64605 2.83361 22.6479 

1025 3 -0.492191 2.77464 2.83401 22.7069 

1025 3 -0.492537 2.86552 22.6522 22.729 

1025 3 -0.49503 2.8361 5.72089 22.7272 

1025 3 -0.497118 5.75781 5.76488 22.6433 

1025 3 -0.495589 2.87115 2.95299 22.6772 

1025 3 -0.493505 22.6303 0.0469263 22.6791 

1025 3 -0.495347 -0.00933681 5.67981 22.6842 

1025 3 -0.496599 5.7162 8.56009 22.6815 

1025 3 -0.488953 5.6074 2.88373 22.7331 

1025 3 -0.496107 5.67577 2.90137 22.6678 

1025 3 -0.493203 8.4779 5.62704 22.6785 

1025 3 -0.496294 2.77349 5.7853 22.6764 

1025 3 -0.497915 2.84953 2.87891 22.6355 

1025 3 -0.496601 2.85035 2.92589 22.6879 

1025 3 -0.494527 2.85749 0.0461255 22.7104 

1025 3 -0.495576 2.87035 5.62572 22.6724 

1025 3 -0.492391 0.0144455 2.83237 22.6765 

1025 3 -0.493311 22.6145 2.8795 22.653 

1025 3 -0.498287 8.54958 -0.0819315 22.6296 

1025 3 -0.493804 5.66398 5.66563 22.6999 

1025 3 -0.496537 5.73046 5.67894 22.6687 

1025 3 -0.493374 5.71479 5.66274 22.7117 

1025 3 -0.494514 5.60466 19.7707 22.675 

1025 3 -0.495667 2.86925 5.66705 22.6406 

1025 3 -0.496862 2.78801 5.68311 22.7148 

1025 3 -0.494073 2.88423 2.94211 22.7262 

1025 3 -0.494515 5.65759 22.7022 22.659 

1025 3 -0.493725 -0.0181328 5.57843 22.7027 

1025 3 -0.494672 19.7707 5.66791 22.6823 

1025 3 -0.491681 8.47923 2.88259 22.7041 

1025 3 -0.495984 5.69802 2.84458 22.6664 

1025 3 -0.495919 5.66265 8.53982 22.6958 

1025 3 -0.495472 5.63875 5.73128 22.6801 

1025 3 -0.495382 5.66605 2.85102 22.6948 

1025 3 -0.494624 2.84393 2.89503 22.6926 

1025 3 -0.496764 2.83441 0.0773549 22.7402 

1025 3 -0.499033 2.82405 5.68593 22.6616 

1025 3 -0.491278 2.79519 2.8282 22.7028 

1025 3 -0.494712 22.6601 2.81733 22.6758 

1025 3 -0.493219 -0.0939159 0.0261984 22.6813 

1025 3 -0.495777 8.54644 5.67371 22.6708 

1025 3 -0.492934 5.65776 5.66272 22.6926 

1025 3 -0.493763 5.73078 2.78411 22.6754 

1025 3 -0.498605 8.52696 -0.0442155 22.6076 

1025 3 -0.496727 5.59359 2.83266 22.6547 

1025 3 -0.498229 2.77912 5.76795 22.6672 

1025 3 -0.493797 2.87793 2.87689 22.7165 

1025 3 -0.494322 2.8293 22.6175 22.7042 

1025 3 -0.497353 2.86615 5.6777 22.6831 

1025 3 -0.495349 22.6595 8.47059 22.6596 

1025 3 -0.494393 -0.0792779 22.6772 22.671 

1025 3 -0.497004 8.44749 2.76944 22.6519 

1025 3 -0.492896 5.73474 8.49901 22.6819 

1025 3 -0.497553 5.65517 5.68014 22.6642 

1025 3 -0.497145 5.6989 2.7738 22.623 

1025 3 -0.490911 5.65551 2.81825 22.7172 

1025 3 -0.497514 2.81268 0.0717441 22.703 

1025 3 -0.497776 2.82947 5.66468 22.6477 

1025 3 -0.494611 2.76611 2.81771 22.6668 

1025 3 -0.492408 2.83454 2.83084 22.6989 

1025 3 -0.494534 -0.0559386 22.6989 22.6719 

1025 3 -0.49922 -0.0342589 5.5796 22.6786 

1025 3 -0.494598 8.52439 5.64551 22.6869 

1025 3 -0.494478 5.64553 2.89163 22.6557 

1025 3 -0.496608 5.70309 22.6173 22.6485 

1025 3 -0.495805 5.70245 5.6888 22.7121 

1025 3 -0.497924 5.63377 5.69111 22.5998 

1025 3 -0.496674 2.84096 2.86685 22.6498 

1025 3 -0.49285 22.5844 -0.00657401 22.7218 

1025 3 -0.498585 2.83139 5.75326 22.6588 

1025 3 -0.493361 2.81969 8.58336 22.6894 

1025 3 -0.495221 0.0698888 2.77401 22.6606 

1025 3 -0.496137 -0.00947533 2.8047 22.6524 

1025 3 -0.493188 0.0119381 8.52361 22.6794 

1025 3 -0.497418 5.62689 5.58351 22.6516 

1025 3 -0.49039 2.82734 2.86624 22.7058 

1025 3 -0.494598 5.69657 2.82853 22.6429 

1025 3 -0.496653 5.67691 0.0800819 22.611 

1025 3 -0.496955 2.87783 5.74915 22.6474 

1025 3 -0.496998 2.77333 2.83342 22.6915 

1025 3 -0.498329 2.80251 2.90929 22.6206 

1025 3 -0.493271 2.84998 -0.0110305 22.7599 

1025 3 -0.499938 2.92772 5.68485 22.6859 

1025 3 -0.496728 19.7527 5.64385 22.6673 

1025 3 -0.494806 -0.0197052 2.8313 22.6989 

1025 3 -0.497497 8.55959 19.8622 22.6883 

1025 3 -0.494075 5.69211 5.68787 22.6916 

1025 3 -0.494869 5.72796 5.66215 22.7017 

1025 3 -0.493825 5.66547 2.77676 22.7068 

1025 3 -0.496157 2.81639 22.6474 22.711 

1025 3 -0.496494 2.75076 5.73746 22.6396 

1025 3 -0.495104 2.79348 5.73491 22.6914 

1025 3 -0.497848 2.87769 22.6698 22.6909 

1025 3 -0.494898 2.79743 2.84879 22.6731 

1025 3 -0.498573 22.6623 11.3869 22.6281 

1025 3 -0.492574 22.6041 5.63696 22.7065 

1025 3 -0.497152 5.58514 2.82433 22.6134 

1025 3 -0.495988 5.64697 2.79847 22.6356 

1025 3 -0.49574 5.59918 22.5631 22.6597 

1025 3 -0.495153 5.71529 5.70608 22.7204 

1025 3 -0.493028 5.61225 2.8309 22.6778 

1025 3 -0.498176 2.82882 5.71493 22.6601 

1025 3 -0.49435 2.77813 0.00104241 22.7132 

1025 3 -0.496325 2.85686 5.71846 22.6958 

1025 3 -0.495484 2.82365 2.93175 22.6504 

1025 3 -0.496003 -0.0286229 2.83826 22.6818 

1025 3 -0.494515 22.5765 0.0531492 22.7318 

1025 3 -0.491417 8.58194 5.64976 22.7071 

1025 3 -0.492986 5.72032 8.50493 22.7014 

1025 3 -0.493108 5.70188 2.77571 22.6659 

1025 3 -0.495213 5.65875 22.6759 22.6624 

1025 3 -0.490926 4.32547 7.13843 23.3603 

1025 3 -0.499663 2.82155 5.73071 22.6652 

1025 3 -0.497581 2.80619 2.911 22.6711 

1025 3 -0.495304 2.89254 2.90986 22.7147 

1025 3 -0.493675 2.78152 11.3129 22.6875 

1025 3 -0.498277 22.6819 5.59877 22.6639 

1025 3 -0.496236 19.76 2.80834 22.6985 

1025 3 -0.494132 8.51839 2.84421 22.7139 

1025 3 -0.493927 5.65013 22.6959 22.6357 

1025 3 -0.495934 5.6837 5.68093 22.6441 

1025 3 -0.496211 5.71201 2.85098 22.6763 

1025 3 -0.499314 5.72919 5.69283 22.6617 

1025 3 -0.499499 2.8613 19.803 22.6418 

1025 3 -0.497365 -0.110325 5.6262 22.6598 

1025 3 -0.500212 2.8483 5.69327 22.6639 

1025 3 -0.495702 2.87474 2.95794 22.6842 

1025 3 -0.488843 -0.0645087 22.6133 22.7026 

1025 3 -0.494291 22.6862 5.72124 22.6795 

1025 3 -0.498488 8.48542 8.57294 22.6705 

1025 3 -0.49511 5.55583 2.85395 22.6589 

1025 3 -0.496147 5.61812 2.78646 22.6943 

1025 3 -0.49351 5.636 5.65874 22.6202 

1025 3 -0.494635 5.66086 5.7416 22.6491 

1025 3 -0.494149 2.85452 2.81593 22.7273 

1025 3 -0.494828 22.5832 2.90515 22.6861 

1025 3 -0.497323 2.82411 8.51128 22.6307 

1025 3 -0.493658 2.85566 5.6959 22.7266 

1025 3 -0.496212 2.92698 2.87685 22.6498 

1025 3 -0.493839 0.0257788 2.76538 22.7136 

1025 3 -0.494887 8.47727 0.0477642 22.6816 

1025 3 -0.493202 5.61137 5.71099 22.6827 

1025 3 -0.494194 2.8299 5.67899 22.6538 

1025 3 -0.491856 5.63293 2.85082 22.7303 

1025 3 -0.496635 5.67066 19.7769 22.6031 

1025 3 -0.495628 5.70033 5.7087 22.695 

1025 3 -0.49862 2.86198 5.70156 22.6534 

1025 3 -0.49259 2.79133 2.87397 22.7228 

1025 3 -0.492955 2.83049 22.688 22.7061 

1025 3 -0.496482 2.82737 5.61732 22.6865 

1025 3 -0.496957 19.7835 5.60673 22.6424 

1025 3 -0.493112 22.7171 2.80512 22.6796 

1025 3 -0.492201 5.70188 22.6752 22.6502 

1025 3 -0.495764 5.76491 8.42489 22.6762 

1025 3 -0.49384 5.66959 5.65623 22.6545 

1025 3 -0.494751 5.67913 2.80915 22.7037 

1025 3 -0.494379 5.62523 5.65546 22.6585 

1025 3 -0.494535 22.6188 8.50857 22.6616 

1025 3 -0.496809 2.82443 5.74455 22.6564 

1025 3 -0.495419 2.80638 2.88422 22.6586 

1025 3 -0.495368 2.91387 2.96746 22.674 

1025 3 -0.493637 -0.06681 0.0279552 22.6846 

1025 3 -0.494309 0.0289615 5.65803 22.7079 

1025 3 -0.490722 5.62994 2.82791 22.698 

1025 3 -0.493618 5.65073 2.82435 22.6537 

1025 3 -0.49394 5.68009 22.6905 22.678 

1025 3 -0.497156 8.6102 5.61849 22.677 

1025 3 -0.493781 5.71786 8.46608 22.6719 

1025 3 -0.49468 2.84993 2.93399 22.6917 

1025 3 -0.49947 2.91631 0.0403456 22.7165 

1025 3 -0.499248 2.8663 5.67088 22.6856 

1025 3 -0.493946 2.88706 8.62759 22.6613 

1025 3 -0.49748 0.0358703 2.85428 22.6519 

1025 3 -0.49574 -0.0657739 22.684 22.6759 

1025 3 -0.494272 11.3375 8.51521 22.6732 

1025 3 -0.496528 5.7228 8.47802 22.6467 

1025 3 -0.492634 5.65692 2.82968 22.6545 

1025 3 -0.492484 8.50937 2.86214 22.6616 

1025 3 -0.496042 5.66356 22.647 22.6614 

1025 3 -0.499582 2.83713 5.74482 22.6531 

1025 3 -0.496004 2.81304 2.83784 22.6286 

1025 3 -0.499048 2.8861 2.88145 22.6995 

1025 3 -0.496398 2.84257 22.6742 22.7487 

1025 3 -0.496438 -0.0183596 5.66831 22.6856 

1025 3 -0.495831 22.648 22.7146 22.666 

1025 3 -0.494206 8.4523 2.84897 22.6853 

1025 3 -0.49772 5.69378 22.5963 22.662 

1025 3 -0.495804 5.66844 5.70923 22.6493 

1025 3 -0.497309 5.69611 5.69112 22.6202 

1025 3 -0.497987 5.72436 2.76643 22.6084 

1025 3 -0.495594 5.62031 -0.0357886 22.6486 

1025 3 -0.497194 2.76724 5.69903 22.6396 

1025 3 -0.499228 5.68988 5.7308 22.6079 

1025 3 -0.494543 2.87833 2.94182 22.6743 

1025 3 -0.497255 19.7943 2.83663 22.6807 

1025 3 -0.495264 -0.0846992 8.55037 22.6957 

1025 3 -0.50017 8.53932 5.56523 22.6771 

1025 3 -0.495858 5.62945 2.8279 22.6394 

1025 3 -0.495323 5.65843 2.80143 22.6383 

1025 3 -0.492634 5.69814 22.7193 22.6885 

1025 3 -0.497235 5.70952 5.68837 22.6772 

1025 3 -0.493302 2.81031 0.0343984 22.7384 

1025 3 -0.498398 22.6193 2.80229 22.6493 

1025 3 -0.497445 2.81841 0.000305113 22.6699 

1025 3 -0.49735 2.87817 5.66427 22.6918 

1025 3 -0.488544 1.45574 4.16608 23.4051 

1025 3 -0.492287 22.6748 2.87063 22.6936 

1025 3 -0.49527 8.4809 22.625 22.6637 

1025 3 -0.494838 5.65257 5.62467 22.6823 

1025 3 -0.493977 2.79553 5.69778 22.6982 

1025 3 -0.496018 5.63522 2.85646 22.6623 

1025 3 -0.491399 5.69876 2.80106 22.6902 

1025 3 -0.480833 4.3359 7.1425 23.4295 

1025 3 -0.496325 2.77993 5.69096 22.7012 

1025 3 -0.494795 2.76871 2.83573 22.6742 

1025 3 -0.490318 2.86857 2.86397 22.7136 

1025 3 -0.498719 -0.0228643 11.3828 22.639 

1025 3 -0.496522 22.7049 5.62535 22.7104 

1025 3 -0.49381 8.43775 2.83278 22.6531 

1025 3 -0.489956 5.64399 2.87304 22.7251 

1025 3 -0.497986 5.70549 22.6009 22.6094 

1025 3 -0.496961 5.62981 5.65151 22.6673 

1025 3 -0.498696 5.72635 2.78232 22.6456 

1025 3 -0.49584 5.71491 5.70512 22.6534 

1025 3 -0.50183 2.83325 19.8017 22.6619 

1025 3 -0.496718 2.84504 5.68939 22.7124 

1025 3 -0.492007 5.66067 2.83738 22.6688 

1025 3 -0.498967 0.0148957 2.84783 22.6776 

1025 3 -0.493094 22.5349 22.6952 22.7295 

1025 3 -0.490308 0.00535767 5.63011 22.7551 

1025 3 -0.493155 5.63443 5.69679 22.707 

1025 3 -0.496171 5.70141 2.86694 22.6704 

1025 3 -0.494215 5.6342 22.6944 22.6641 

1025 3 -0.497383 8.5927 5.61245 22.6985 

1025 3 -0.494758 2.85206 5.66193 22.6828 

1025 3 -0.494795 2.90786 2.90991 22.7204 

1025 3 -0.495095 2.90294 2.87363 22.7009 

1025 3 -0.494031 2.85593 8.51188 22.7263 

1025 3 -0.498119 2.86756 5.64824 22.6438 

1025 3 -0.497853 22.5623 0.0156251 22.6566 

1025 3 -0.491808 22.5847 2.90461 22.6891 

1025 3 -0.491814 8.51998 22.5828 22.7022 

1025 3 -0.496688 5.64764 5.67245 22.691 

1025 3 -0.494525 5.74529 22.5988 22.6707 

1025 3 -0.489771 5.71128 5.73687 22.7314 

1025 3 -0.493841 5.68764 19.797 22.6537 

1025 3 -0.493608 2.81806 2.91984 22.68 

1025 3 -0.5 2.86754 5.68762 22.6536 

1025 3 -0.496697 2.80298 2.89549 22.7189 

1025 3 -0.49508 2.85431 22.6147 22.7126 

1025 3 -0.497534 22.5936 5.66028 22.6533 

1025 3 -0.49672 0.0702737 5.75602 22.6975 

1025 3 -0.497657 8.49002 2.89921 22.64 

1025 3 -0.498213 5.59051 22.7258 22.6486 

1025 3 -0.494275 5.64479 5.6426 22.6607 

1025 3 -0.494055 5.68588 5.69087 22.6261 

1025 3 -0.495978 5.68586 2.74088 22.6625 

1025 3 -0.497342 -0.00823842 2.80572 22.6722 

1025 3 -0.497663 2.87853 8.52019 22.6194 

1025 3 -0.500671 2.82913 5.70917 22.6598 

1025 3 -0.495081 2.9071 19.8438 22.6933 

1025 3 -0.494893 -0.0140539 2.86516 22.6863 

1025 3 -0.49563 22.6109 22.664 22.6584 

1025 3 -0.494913 8.56486 5.62872 22.6954 

1025 3 -0.497108 5.5784 5.68331 22.6141 

1025 3 -0.495993 5.70462 2.87378 22.6272 

1025 3 -0.495993 8.49202 0.0273021 22.6608 

1025 3 -0.498847 5.69741 2.7562 22.621 

1025 3 -0.497244 2.86183 8.46032 22.6638 

1025 3 -0.496448 2.85339 2.93902 22.6586 

1025 3 -0.496647 2.87213 22.5824 22.7336 

1025 3 -0.498299 2.81746 5.70469 22.6462 

1025 3 -0.496447 22.7562 5.6358 22.7135 

1025 3 -0.496619 22.6203 2.86588 22.6779 

1025 3 -0.497818 8.51964 22.6527 22.6682 

1025 3 -0.496317 5.6472 5.73213 22.6604 

1025 3 -0.495586 2.81879 5.62486 22.6698 

1025 3 -0.494252 5.67357 2.82254 22.6715 

1025 3 -0.494298 5.70347 2.74876 22.6924 

1025 3 -0.491797 2.85739 8.52786 22.7211 

1025 3 -0.498566 2.81981 5.68854 22.6949 

1025 3 -0.495832 2.82437 2.84921 22.6706 

1025 3 -0.494856 2.85607 2.88262 22.6697 

1025 3 -0.496119 22.6518 22.6583 22.6595 

1025 3 -0.494631 -0.0316293 5.60402 22.7379 

1025 3 -0.497374 8.4955 2.67674 22.6407 

1025 3 -0.49633 5.60265 2.86785 22.657 

1025 3 -0.496582 5.73945 -0.0418851 22.6282 

1025 3 -0.496193 5.66716 5.6225 22.6799 

1025 3 -0.494945 5.67477 5.73744 22.6783 

1025 3 -0.495786 2.80355 2.89385 22.6978 

1025 3 -0.491493 22.5999 22.7211 22.6974 

1025 3 -0.494869 2.78179 5.72106 22.7457 

1025 3 -0.496219 5.6672 5.71059 22.672 

1025 3 -0.495044 22.69 2.90865 22.6569 

1025 3 -0.496081 -0.0783506 0.0213717 22.714 

1025 3 -0.495111 -0.00563211 5.66415 22.6709 

1025 3 -0.497938 5.7232 5.61571 22.67 

1025 3 -0.492289 5.67213 22.6279 22.6669 

1025 3 -0.499919 5.58555 2.85165 22.6574 

1025 3 -0.494629 8.58495 8.55237 22.6661 

1025 3 -0.499478 2.84748 5.72443 22.6285 

1025 3 -0.497394 2.84979 2.89136 22.6568 

1025 3 -0.493868 2.82797 2.80092 22.7486 

1025 3 -0.495818 2.81519 22.672 22.6988 

1025 3 -0.500037 2.81593 5.65621 22.6579 

1025 3 -0.496271 19.8066 2.81794 22.6537 

1025 3 -0.496271 22.6608 2.79194 22.6636 

1025 3 -0.497631 8.5344 -0.0472175 22.657 

1025 3 -0.494878 5.64554 5.60146 22.6788 

1025 3 -0.49444 5.71239 5.75132 22.6914 

1025 3 -0.493013 5.66617 5.65779 22.6778 

1025 3 -0.492405 2.80445 0.0410714 22.7477 

1025 3 -0.495707 2.81052 5.77407 22.6907 

1025 3 -0.495726 2.84645 5.68959 22.7407 

1025 3 -0.494629 2.83494 2.84196 22.6747 

1025 3 -0.491914 2.84795 -0.0346946 22.7404 

1025 3 -0.494177 22.6286 8.51782 22.7028 

1025 3 -0.494548 0.0412395 5.69622 22.6901 

1025 3 -0.49418 8.51304 2.84592 22.6762 

1025 3 -0.494064 5.65751 2.83824 22.6752 

1025 3 -0.493501 5.67638 8.48027 22.6975 

1025 3 -0.497576 5.67242 5.69409 22.6938 

1025 3 -0.500742 8.45931 2.85076 22.6419 

1025 3 -0.494992 2.82921 2.8629 22.7002 

1025 3 -0.494783 2.81635 22.6361 22.7045 

1025 3 -0.493836 2.83312 5.71041 22.6571 

1025 3 -0.496881 2.76474 5.76866 22.6777 

1025 3 -0.495797 22.6274 2.83329 22.6654 

1025 3 -0.494612 -0.0553224 0.0372143 22.6811 

1025 3 -0.492828 8.52279 5.61845 22.6814 

1025 3 -0.492589 5.62874 5.65979 22.7015 

1025 3 -0.496434 5.65275 2.85044 22.6584 

1025 3 -0.49607 5.63908 0.0384145 22.6072 

1025 3 -0.495324 5.63166 2.82672 22.6441 

1025 3 -0.495959 2.82386 5.74802 22.6994 

1025 3 -0.496292 2.81504 2.84468 22.6742 

1025 3 -0.497309 2.85196 22.6546 22.7258 

1025 3 -0.494184 2.8694 8.53884 22.6783 

1025 3 -0.494048 -0.00986163 5.63435 22.6917 

1025 3 -0.497266 19.8249 2.83885 22.6351 

1025 3 -0.494003 8.41808 2.82599 22.6946 

1025 3 -0.496491 5.64498 -0.0451115 22.6155 

1025 3 -0.494474 5.66074 5.70194 22.6704 

1025 3 -0.492053 5.71984 2.76646 22.6574 

1025 3 -0.494148 5.62335 5.62723 22.6718 

1025 3 -0.497846 2.78925 0.0252142 22.7184 

1025 3 -0.492865 2.79644 2.80666 22.7389 

1025 3 -0.496675 2.74327 2.87163 22.6646 

1025 3 -0.494036 2.84756 2.88812 22.722 

1025 3 -0.496173 -0.136049 0.00728809 22.7007 
