1025 3 -0.496122 14.0831 19.8136 22.6465 

1025 3 -0.498385 14.2094 19.7482 22.6468 

1025 3 -0.497538 14.1952 16.8788 22.6155 

1025 3 -0.496845 11.2889 14.212 22.6347 

1025 3 -0.496931 8.50916 19.8205 22.6797 

1025 3 -0.492349 11.3209 19.7928 22.655 

1025 3 -0.493096 14.1162 16.9995 22.6351 

1025 3 -0.49448 8.49161 16.9739 22.6547 

1025 3 -0.497831 8.48573 0.0448758 22.6507 

1025 3 -0.495483 8.57883 19.8745 22.6814 

1025 3 -0.493214 8.51001 16.9067 22.677 

1025 3 -0.494658 14.1106 16.9688 22.6099 

1025 3 -0.490239 14.1052 0.103631 22.6693 

1025 3 -0.497808 14.2022 19.8302 22.6365 

1025 3 -0.495974 11.3204 16.9445 22.6601 

1025 3 -0.49433 11.3776 19.9072 22.6247 

1025 3 -0.498096 11.3865 22.6963 22.6711 

1025 3 -0.492454 11.3288 19.8057 22.6741 

1025 3 -0.495883 8.46469 16.926 22.637 

1025 3 -0.493605 8.41966 16.8693 22.6786 

1025 3 -0.495293 11.2831 14.0803 22.6575 

1025 3 -0.492835 8.45843 19.8031 22.6828 

1025 3 -0.494443 11.3577 19.817 22.6641 

1025 3 -0.496228 14.1484 16.9291 22.6604 

1025 3 -0.49671 14.235 16.9638 22.6069 

1025 3 -0.496359 14.082 22.721 22.6785 

1025 3 -0.493731 11.3624 19.816 22.6509 

1025 3 -0.494538 11.3392 16.9744 22.6839 

1025 3 -0.497878 11.3503 16.9396 22.6719 

1025 3 -0.494244 8.47578 22.6587 22.6674 

1025 3 -0.497339 8.54474 19.8481 22.6459 

1025 3 -0.491125 8.52529 16.93 22.6669 

1025 3 -0.495103 11.2743 16.9525 22.6603 

1025 3 -0.495787 14.0869 0.0686886 22.7014 

1025 3 -0.492327 14.1766 19.8631 22.6237 

1025 3 -0.494829 14.1951 16.9469 22.6326 

1025 3 -0.495383 14.1766 16.9293 22.5869 

1025 3 -0.493683 11.2963 22.6171 22.6917 

1025 3 -0.496249 11.331 19.7969 22.6351 

1025 3 -0.493579 11.2959 19.7984 22.6601 

1025 3 -0.497844 11.4303 16.9719 22.6685 

1025 3 -0.490739 8.51226 14.1304 22.6873 

1025 3 -0.49421 8.49589 19.7955 22.7088 

1025 3 -0.495523 8.57726 19.8599 22.6713 

1025 3 -0.495249 14.1857 17.0346 22.6412 

1025 3 -0.494129 14.1252 16.9941 22.6169 

1025 3 -0.498424 14.1337 19.8174 22.6067 

1025 3 -0.492464 14.129 19.8 22.6557 

1025 3 -0.499912 11.3608 16.8475 22.6398 

1025 3 -0.495912 11.3958 16.9739 22.6308 

1025 3 -0.496261 11.4099 22.6709 22.6686 

1025 3 -0.497247 11.3694 19.775 22.6777 

1025 3 -0.498914 11.3871 19.8489 22.6384 

1025 3 -0.494243 8.43032 16.8779 22.6543 

1025 3 -0.497971 11.2982 0.0303497 22.6315 

1025 3 -0.492803 14.115 19.8187 22.6901 

1025 3 -0.49663 14.143 16.9255 22.6183 

1025 3 -0.493655 14.1029 19.8642 22.7015 

1025 3 -0.495314 14.1757 22.714 22.6969 

1025 3 -0.496344 11.3886 16.9862 22.7052 

1025 3 -0.494199 11.3756 19.8286 22.6673 

1025 3 -0.49488 11.3703 16.9033 22.6662 

1025 3 -0.491647 11.3232 14.103 22.6921 

1025 3 -0.495568 8.48155 17.0153 22.6515 

1025 3 -0.492784 5.63188 19.8202 22.6172 

1025 3 -0.496714 8.58706 16.8661 22.661 

1025 3 -0.494598 14.0559 17.0161 22.6279 

1025 3 -0.497307 14.1966 19.7925 22.6338 

1025 3 -0.496496 14.0909 19.7762 22.6603 

1025 3 -0.494721 14.1569 16.9584 22.6341 

1025 3 -0.501074 14.1916 14.2413 22.6179 

1025 3 -0.496916 11.36 0.000361025 22.6751 

1025 3 -0.494292 11.4272 19.8146 22.6653 

1025 3 -0.491328 11.3188 16.9255 22.6856 

1025 3 -0.49246 8.41674 17.0016 22.7021 

1025 3 -0.498181 8.41354 0.0419516 22.6443 

1025 3 -0.493152 8.53558 19.8111 22.6983 

1025 3 -0.494669 8.54557 16.8878 22.6473 

1025 3 -0.49727 14.2218 16.9865 22.6394 

1025 3 -0.492575 14.199 22.6322 22.6947 

1025 3 -0.491728 14.0949 19.779 22.6543 

1025 3 -0.494621 11.3021 19.8636 22.6594 

1025 3 -0.500233 11.2672 16.8674 22.6461 

1025 3 -0.500327 11.3532 14.0788 22.6202 

1025 3 -0.495075 11.4469 19.7647 22.6569 

1025 3 -0.493801 8.53631 2.845 22.6897 

1025 3 -0.497801 8.53509 14.0959 22.6197 

1025 3 -0.495795 8.48211 14.0732 22.6319 

1025 3 -0.494147 8.50684 0.0323452 22.6352 

1025 3 -0.499323 14.1375 19.8209 22.6015 

1025 3 -0.495497 14.2061 16.9338 22.6468 

1025 3 -0.49189 14.1514 16.9838 22.6233 

1025 3 -0.493601 14.126 2.79996 22.69 

1025 3 -0.498244 11.4145 19.7668 22.6375 

1025 3 -0.496781 11.3213 16.9713 22.678 

1025 3 -0.499811 11.3725 16.9291 22.6758 

1025 3 -0.4944 8.45911 0.0549415 22.6963 

1025 3 -0.495834 8.48417 19.7588 22.664 

1025 3 -0.494822 8.59031 19.8577 22.6639 

1025 3 -0.495015 8.46912 16.9581 22.6308 

1025 3 -0.491246 14.1868 22.6933 22.7329 

1025 3 -0.494684 14.1502 19.849 22.6412 

1025 3 -0.496657 14.19 19.7884 22.6217 

1025 3 -0.497069 14.1443 16.8943 22.5847 

1025 3 -0.495864 8.45614 14.0729 22.6433 

1025 3 -0.497019 11.4541 19.8227 22.618 

1025 3 -0.492467 14.1191 19.8053 22.6633 

1025 3 -0.49464 11.3243 14.03 22.636 

1025 3 -0.493458 8.40895 16.9451 22.6842 

1025 3 -0.493737 8.43993 0.0390394 22.6678 

1025 3 -0.495541 8.54675 19.8721 22.6871 

1025 3 -0.495835 14.2156 16.9365 22.6039 

1025 3 -0.496579 14.0992 16.9658 22.6087 

1025 3 -0.497808 17.0581 22.6875 22.6209 

1025 3 -0.494412 14.068 19.8335 22.6622 

1025 3 -0.492613 11.3203 14.0777 22.6769 

1025 3 -0.498982 11.3067 16.9123 22.5931 

1025 3 -0.496855 11.4074 0.0227704 22.6616 

1025 3 -0.497308 11.3327 19.8019 22.6447 

1025 3 -0.500474 11.322 16.8882 22.6321 

1025 3 -0.494647 8.53717 16.9397 22.7121 

1025 3 -0.495537 8.50767 -0.0179106 22.6438 

1025 3 -0.494224 14.1442 19.7743 22.6564 

1025 3 -0.496037 14.1417 19.8584 22.6168 

1025 3 -0.497014 14.1613 16.9831 22.6136 

1025 3 -0.496721 11.2913 14.0603 22.6482 

1025 3 -0.493559 14.1857 -0.0176364 22.7028 

1025 3 -0.492775 11.3485 19.7482 22.6752 

1025 3 -0.494329 14.0766 16.9683 22.6399 

1025 3 -0.498317 11.3698 16.9367 22.6781 

1025 3 -0.495626 8.44563 2.80502 22.6905 

1025 3 -0.495402 8.54268 19.8494 22.6553 

1025 3 -0.49489 8.57676 16.8749 22.6461 

1025 3 -0.495205 14.1761 16.9929 22.6166 

1025 3 -0.491319 14.0843 0.0375445 22.7205 

1025 3 -0.654324 13.67 18.4375 20.6091 

1025 3 -0.496436 14.1219 14.1893 22.6198 

1025 3 -0.496701 11.3549 22.5419 22.6274 

1025 3 -0.497284 11.3196 -0.0284729 22.6589 

1025 3 -0.491068 11.3968 19.7684 22.6537 

1025 3 -0.495542 11.3273 16.9698 22.665 

1025 3 -0.495531 8.41722 16.95 22.6448 

1025 3 -0.496102 8.45742 22.6296 22.6973 

1025 3 -0.496789 8.49743 19.8165 22.662 

1025 3 -0.492239 14.0563 22.7138 22.7054 

1025 3 -0.497826 14.2145 16.9916 22.6379 

1025 3 -0.498002 14.1355 19.7635 22.6154 

1025 3 -0.492635 14.0792 19.8068 22.6907 

1025 3 -0.496242 11.3764 19.8848 22.6357 

1025 3 -0.499912 11.3075 16.9138 22.6256 

1025 3 -0.497529 11.2933 16.8765 22.6226 

1025 3 -0.493382 11.3727 -0.0273375 22.7185 

1025 3 -0.494301 8.50167 19.757 22.7244 

1025 3 -0.494467 5.65373 16.9121 22.6641 

1025 3 -0.496304 8.51683 16.8925 22.651 

1025 3 -0.498763 8.49909 0.0368114 22.6328 

1025 3 -0.495856 14.149 19.8498 22.66 

1025 3 -0.498473 14.2015 16.9114 22.6195 

1025 3 -0.492925 14.159 19.8281 22.6716 

1025 3 -0.497467 11.3788 -0.00331022 22.6797 

1025 3 -0.496175 11.3438 16.9709 22.6281 

1025 3 -0.494232 11.2668 19.7877 22.6456 

1025 3 -0.494958 11.3716 16.9785 22.6742 

1025 3 -0.499773 8.4908 11.3167 22.6142 

1025 3 -0.494578 8.53923 19.7917 22.7132 

1025 3 -0.495643 8.51644 19.7351 22.6713 

1025 3 -0.493988 8.47079 16.8836 22.6457 

1025 3 -0.494739 14.1811 16.985 22.6276 

1025 3 -0.493262 14.0857 19.8047 22.621 

1025 3 -0.491728 14.1592 19.8323 22.6622 

1025 3 -0.496934 14.1856 16.936 22.5882 

1025 3 -0.496488 8.52202 14.0571 22.6748 

1025 3 -0.495281 11.3809 0.0247601 22.6832 

1025 3 -0.495034 11.3767 19.7964 22.662 

1025 3 -0.496379 11.3329 16.9325 22.6189 

1025 3 -0.492104 8.45253 16.9743 22.6948 

1025 3 -0.497303 8.45938 0.0828941 22.6179 

1025 3 -0.499444 8.47603 16.9212 22.6127 

1025 3 -0.499075 11.3651 14.0988 22.6252 

1025 3 -0.494165 14.1439 16.9558 22.6405 

1025 3 -0.495784 14.1485 2.91191 22.6538 

1025 3 -0.496401 14.1663 17.0567 22.6598 

1025 3 -0.49671 11.3241 22.6146 22.6531 

1025 3 -0.49797 11.3391 16.9622 22.6181 

1025 3 -0.495375 11.289 14.1507 22.6517 

1025 3 -0.49347 11.3381 19.7296 22.6692 

1025 3 -0.492619 8.45744 0.0537362 22.6457 

1025 3 -0.496612 8.50851 16.8376 22.6456 

1025 3 -0.498465 11.2145 14.1755 22.6485 

1025 3 -0.495606 14.079 19.7603 22.6347 

1025 3 -0.495871 11.358 19.7601 22.6497 

1025 3 -0.498918 14.1837 16.906 22.6118 

1025 3 -0.497821 11.3099 16.9221 22.5978 

1025 3 -0.494708 11.3234 -0.0387472 22.6585 

1025 3 -0.491651 11.3974 19.7812 22.6627 

1025 3 -0.495018 17.0729 17.0567 22.6607 

1025 3 -0.48709 11.3511 16.9411 22.7301 

1025 3 -0.497149 8.48466 -0.00737816 22.6362 

1025 3 -0.495517 8.54365 19.7935 22.6747 

1025 3 -0.49505 8.52851 16.9037 22.6685 

1025 3 -0.492149 14.1088 16.9715 22.6446 

1025 3 -0.496982 14.0752 0.0190217 22.6841 

1025 3 -0.499334 17.0543 19.7242 22.6378 

1025 3 -0.495884 17.0009 19.8237 22.6543 

1025 3 -0.493494 11.2973 16.8548 22.6322 

1025 3 -0.496045 11.36 14.0767 22.6795 

1025 3 -0.498521 11.4068 19.767 22.6316 

1025 3 -0.495677 11.3719 2.90011 22.6911 

1025 3 -0.494373 5.66253 16.9767 22.7051 

1025 3 -0.497118 8.51932 16.9192 22.6351 

1025 3 -0.494331 8.48358 22.6563 22.6672 

1025 3 -0.493259 14.1219 19.811 22.6665 

1025 3 -0.495194 11.312 16.9234 22.7034 

1025 3 -0.4947 17.047 17.0235 22.6483 

1025 3 -0.492107 14.1151 19.8427 22.6454 

1025 3 -0.492931 11.383 19.802 22.6587 

1025 3 -0.494281 11.2919 16.9637 22.6704 

1025 3 -0.49338 11.3877 16.9539 22.6873 

1025 3 -0.494845 11.3534 0.0103464 22.6814 

1025 3 -0.495227 8.49913 19.7308 22.6895 

1025 3 -0.496284 5.61606 19.8821 22.6187 

1025 3 -0.495916 8.4232 16.9247 22.6506 

1025 3 -0.494056 8.49341 0.00141254 22.6503 

1025 3 -0.495962 14.0803 19.8537 22.6701 

1025 3 -0.496949 14.2054 19.8215 22.6521 

1025 3 -0.49652 14.1239 16.8959 22.613 

1025 3 -0.501628 11.3483 14.0708 22.6129 

1025 3 -0.497007 8.54424 19.8555 22.6411 

1025 3 -0.491524 11.3883 19.7923 22.6944 

1025 3 -0.498843 11.3454 14.0715 22.5933 

1025 3 -0.494237 5.66869 16.9643 22.677 

1025 3 -0.496718 8.51808 22.5872 22.6642 

1025 3 -0.493048 8.54025 19.7835 22.6728 

1025 3 -0.494207 8.51478 16.8909 22.6632 

1025 3 -0.498532 14.1382 16.9761 22.6211 

1025 3 -0.496605 14.1117 0.0375979 22.6664 

1025 3 -0.495344 14.1175 19.8757 22.6402 

1025 3 -0.499519 11.3429 14.0912 22.6385 

1025 3 -0.49701 8.49982 16.9568 22.6638 

1025 3 -0.499019 11.3721 0.0370147 22.6125 

1025 3 -0.490228 11.3758 19.738 22.6814 

1025 3 -0.497801 11.329 17.0259 22.6957 

1025 3 -0.494574 8.50766 16.9586 22.6379 

1025 3 -0.495439 8.4961 22.6703 22.6421 

1025 3 -0.488943 8.5153 19.8742 22.7163 

1025 3 -0.495405 8.58463 19.8785 22.6703 

1025 3 -0.493818 14.1364 16.9445 22.6015 

1025 3 -0.489484 14.1935 14.1655 22.7064 

1025 3 -0.492797 11.3128 22.6382 22.6533 

1025 3 -0.493623 11.3624 19.8085 22.6495 

1025 3 -0.49455 11.3761 16.8959 22.6828 

1025 3 -0.493146 11.3622 16.9724 22.711 

1025 3 -0.493775 8.48081 22.6621 22.6813 

1025 3 -0.494731 8.51643 19.7733 22.7075 

1025 3 -0.496669 8.47775 16.8751 22.6391 

1025 3 -0.500331 11.3134 16.9451 22.6171 

1025 3 -0.493753 14.0955 0.0997989 22.7049 

1025 3 -0.493188 14.1781 19.8615 22.6903 

1025 3 -0.493594 14.2603 16.9158 22.6747 

1025 3 -0.498145 14.1674 19.7574 22.6673 

1025 3 -0.49257 11.3558 2.86446 22.7275 

1025 3 -0.493502 11.4184 19.7647 22.7008 

1025 3 -0.496223 14.1372 16.9796 22.5909 

1025 3 -0.498237 11.3317 16.951 22.6697 

1025 3 -0.496601 8.48774 0.00428123 22.6279 

1025 3 -0.496081 8.47834 19.8257 22.6966 

1025 3 -0.495139 8.56453 19.8475 22.6829 

1025 3 -0.495698 14.1263 16.9458 22.6322 

1025 3 -0.493939 14.1872 17.0037 22.6228 

1025 3 -0.49242 14.1018 19.7716 22.6796 

1025 3 -0.496617 14.1449 19.817 22.6115 

1025 3 -0.498941 11.318 16.8441 22.686 

1025 3 -0.495774 11.4849 19.7599 22.6132 

1025 3 -0.49541 11.3787 -0.0349317 22.689 

1025 3 -0.508513 11.4118 19.7864 22.5256 

1025 3 -0.49574 11.357 16.9773 22.6086 

1025 3 -0.50047 8.53272 16.8603 22.6023 

1025 3 -0.492619 11.3383 22.6955 22.6639 

1025 3 -0.492583 14.2005 19.8721 22.6664 

1025 3 -0.494926 14.1753 16.9513 22.6244 

1025 3 -0.495773 17.0119 17.024 22.6217 

1025 3 -0.495663 14.0414 2.8039 22.6254 

1025 3 -0.49453 11.4084 19.7945 22.6369 

1025 3 -0.495694 11.3877 19.7939 22.6594 

1025 3 -0.497091 11.3423 16.9837 22.6403 

1025 3 -0.505098 11.297 22.7034 22.5944 

1025 3 -0.495633 8.57879 19.8379 22.6811 

1025 3 -0.497351 5.65222 19.8488 22.6254 

1025 3 -0.493883 8.53623 16.8721 22.6906 

1025 3 -0.497351 14.1223 14.1407 22.668 

1025 3 -0.492586 14.0928 19.8315 22.6597 

1025 3 -0.498212 14.1788 19.7281 22.6862 

1025 3 -0.494721 14.1487 16.9592 22.6266 

1025 3 -0.50044 11.3037 16.891 22.6281 

1025 3 -0.49639 11.3978 22.581 22.6388 

1025 3 -0.495667 11.49 19.7176 22.643 

1025 3 -0.494852 14.1231 17.0421 22.6269 

1025 3 -0.498299 5.67363 16.9614 22.6075 

1025 3 -0.494943 8.51787 22.7029 22.6786 

1025 3 -0.49363 8.52572 19.8272 22.6967 

1025 3 -0.494099 8.44186 16.9163 22.6645 

1025 3 -0.495951 14.2013 16.9824 22.6106 

1025 3 -0.496058 16.9708 22.7441 22.6726 

1025 3 -0.496843 14.2102 16.893 22.5935 

1025 3 -0.491874 11.356 19.8314 22.6767 

1025 3 -0.496596 11.335 16.9763 22.6796 

1025 3 -0.498017 11.353 22.6463 22.6093 

1025 3 -0.493318 11.3088 19.7948 22.6483 

1025 3 -0.490468 11.3778 19.8249 22.6696 

1025 3 -0.492782 8.49423 16.929 22.6915 

1025 3 -0.493938 8.49054 14.1125 22.6892 

1025 3 -0.495665 8.48561 22.6951 22.6422 

1025 3 -0.496113 14.1638 22.7815 22.6758 

1025 3 -0.499206 14.1368 16.8942 22.6057 

1025 3 -0.496479 14.1739 16.967 22.6611 

1025 3 -0.496448 8.58871 22.6758 22.6464 

1025 3 -0.496293 11.3327 19.8331 22.6536 

1025 3 -0.496047 11.2739 16.8954 22.6647 

1025 3 -0.497299 11.361 16.912 22.6544 

1025 3 -0.491039 8.48424 0.0380974 22.6997 

1025 3 -0.495596 8.48425 19.8548 22.6533 

1025 3 -0.497466 8.61642 16.9437 22.6266 

1025 3 -0.493159 8.43421 16.9086 22.6471 

1025 3 -0.494507 14.1748 22.6612 22.6967 

1025 3 -0.492174 14.1268 19.8493 22.6325 

1025 3 -0.501151 14.2166 19.7909 22.6521 

1025 3 -0.494739 14.1748 16.944 22.6377 

1025 3 -0.494901 8.49527 14.0425 22.6658 

1025 3 -0.493223 11.4171 19.7764 22.655 

1025 3 -0.492367 14.1719 19.8544 22.6621 

1025 3 -0.496495 11.3769 16.9894 22.6998 

1025 3 -0.492594 5.68949 14.1593 22.6509 

1025 3 -0.497134 8.42441 22.6741 22.6764 

1025 3 -0.496398 8.5808 19.8707 22.6861 

1025 3 -0.496072 14.1113 14.1429 22.6379 

1025 3 -0.497197 14.185 16.9357 22.6559 

1025 3 -0.491688 16.9853 0.0622872 22.7191 

1025 3 -0.494864 14.1374 19.9016 22.6512 

1025 3 -0.497567 11.403 16.9773 22.6395 

1025 3 -0.498643 11.3224 16.8816 22.667 

1025 3 -0.49444 11.349 22.6798 22.6913 

1025 3 -0.4978 11.3737 19.7782 22.657 

1025 3 -0.495043 11.3643 19.8029 22.6834 

1025 3 -0.493142 8.43805 16.9279 22.6906 

1025 3 -0.491062 8.46496 2.84336 22.6532 

1025 3 -0.497714 14.1519 19.8207 22.6055 

1025 3 -0.49367 14.1636 19.8485 22.6459 

1025 3 -0.499268 14.2166 19.782 22.6309 

1025 3 -0.493564 11.2798 14.0836 22.6813 

1025 3 -0.496141 11.4338 19.7324 22.6533 

1025 3 -0.494904 11.3647 19.7945 22.6281 

1025 3 -0.497265 11.3813 14.0577 22.6268 

1025 3 -0.495865 14.1605 17.0075 22.6406 

1025 3 -0.495079 8.48698 0.00922312 22.6529 

1025 3 -0.496712 8.61382 19.7893 22.6555 

1025 3 -0.493572 8.53071 16.8898 22.6727 

1025 3 -0.494535 14.187 16.965 22.6135 

1025 3 -0.494313 14.0644 19.7341 22.6406 

1025 3 -0.495543 14.1551 19.7661 22.6658 

1025 3 -0.495423 14.188 16.915 22.5921 

1025 3 -0.495024 11.2873 16.9285 22.6812 

1025 3 -0.497076 11.3565 0.00423802 22.6676 

1025 3 -0.493391 11.4098 19.7599 22.6611 

1025 3 -0.494069 11.333 16.9391 22.669 

1025 3 -0.494936 8.42933 16.9436 22.638 

1025 3 -0.500555 8.44712 22.7098 22.6583 

1025 3 -0.493311 11.3768 19.8096 22.6715 

1025 3 -0.496169 17.084 19.7661 22.6621 

1025 3 -0.495207 14.188 16.9798 22.6248 

1025 3 -0.498207 14.0816 14.1403 22.6176 

1025 3 -0.495066 14.1738 19.8383 22.6715 

1025 3 -0.496734 11.3135 19.8486 22.652 

1025 3 -0.497143 11.3221 16.8828 22.6587 

1025 3 -0.497739 11.3332 16.8997 22.6473 

1025 3 -0.496984 11.3938 22.6807 22.7062 

1025 3 -0.496095 8.47991 19.7756 22.6635 

1025 3 -0.493531 8.5004 14.0712 22.6803 

1025 3 -0.493944 8.49621 16.8757 22.6478 

1025 3 -0.496522 8.5127 -0.0170149 22.6631 

1025 3 -0.496978 14.0818 19.8132 22.6493 

1025 3 -0.49863 14.2424 16.9706 22.6405 

1025 3 -0.494792 14.1709 19.8506 22.65 

1025 3 -0.494537 11.273 2.85994 22.6679 

1025 3 -0.498404 11.3646 16.9962 22.61 

1025 3 -0.497614 11.3188 16.8964 22.6644 

1025 3 -0.494627 11.3747 16.9761 22.6731 

1025 3 -0.496793 8.52653 22.7073 22.6977 

1025 3 -0.494441 8.49399 19.7869 22.678 

1025 3 -0.49924 8.60156 19.8651 22.6426 

1025 3 -0.491005 8.46471 16.8949 22.6837 

1025 3 -0.496033 14.1227 14.188 22.6816 

1025 3 -0.495973 14.1096 19.8536 22.5787 

1025 3 -0.492399 14.1245 19.841 22.6401 

1025 3 -0.498135 14.1539 16.9575 22.5677 

1025 3 -0.496497 8.50608 14.0931 22.6078 

1025 3 -0.494102 11.3518 22.6357 22.6925 

1025 3 -0.497375 11.3381 22.6356 22.6461 

1025 3 -0.497827 11.312 14.1487 22.6653 

1025 3 -0.49632 8.45164 16.9832 22.658 

1025 3 -0.497132 8.47113 22.6263 22.6418 

1025 3 -0.49802 8.55166 19.8546 22.652 

1025 3 -0.496314 11.2746 16.8676 22.6596 

1025 3 -0.498492 14.1648 16.8633 22.6102 

1025 3 -0.492206 16.946 22.6635 22.6613 

1025 3 -0.49846 14.0985 19.7634 22.6581 

1025 3 -0.494809 8.52035 16.9407 22.6821 

1025 3 -0.495977 11.3861 16.9361 22.6818 

1025 3 -0.495605 11.4228 22.6809 22.7034 

1025 3 -0.493235 11.3238 19.8183 22.6649 

1025 3 -0.495314 8.52667 19.8688 22.6768 

1025 3 -0.496481 8.4422 16.9322 22.6714 

1025 3 -0.497094 11.2987 14.1177 22.6433 

1025 3 -0.495873 14.2008 16.9571 22.6054 

1025 3 -0.498548 14.1065 19.8602 22.631 

1025 3 -0.495348 14.1318 16.9476 22.6196 

1025 3 -0.476866 12.6769 15.535 23.4319 

1025 3 -0.493949 11.3733 19.7917 22.6562 

1025 3 -0.4971 11.46 19.7373 22.6467 

1025 3 -0.492856 14.0959 17.0107 22.6715 

1025 3 -0.494894 14.2022 16.9774 22.6075 

1025 3 -0.496315 8.51268 22.644 22.6924 

1025 3 -0.496096 8.48301 19.784 22.6817 

1025 3 -0.498087 8.57338 16.8933 22.6131 

1025 3 -0.491732 14.1645 16.9837 22.6359 

1025 3 -0.493329 14.0936 22.6955 22.691 

1025 3 -0.494665 16.9608 19.8267 22.6593 

1025 3 -0.497454 14.2037 19.7956 22.6433 

1025 3 -0.496649 11.3233 16.8952 22.6605 

1025 3 -0.49547 11.2961 22.6086 22.655 

1025 3 -0.498446 11.4555 19.8029 22.5992 

1025 3 -0.494538 11.3832 19.8179 22.6427 

1025 3 -0.495357 8.51737 16.9721 22.6392 

1025 3 -0.496121 8.45842 14.0884 22.6784 

1025 3 -0.497662 8.48296 19.8275 22.6708 

1025 3 -0.493455 14.1053 0.0575826 22.6541 

1025 3 -0.497863 11.3219 16.9637 22.6712 

1025 3 -0.492984 16.9142 16.9857 22.6967 

1025 3 -0.495925 14.1375 19.7799 22.6428 

1025 3 -0.493633 11.3316 19.7756 22.6656 

1025 3 -0.494301 11.295 16.9429 22.6451 

1025 3 -0.495516 11.4184 16.9419 22.6309 

1025 3 -0.500832 11.2755 22.5963 22.6588 

1025 3 -0.494421 8.4948 19.7992 22.7173 

1025 3 -0.498102 5.6548 19.8244 22.6294 

1025 3 -0.495488 8.48203 16.926 22.6408 

1025 3 -0.497451 8.54861 2.84719 22.6218 

1025 3 -0.494391 14.1793 19.879 22.6899 

1025 3 -0.488915 14.1472 19.8561 22.6847 

1025 3 -0.494195 14.1361 16.9324 22.6102 

1025 3 -0.497904 8.49613 -0.0902488 22.66 

1025 3 -0.498013 8.49764 19.7604 22.6622 

1025 3 -0.498933 11.3513 19.8488 22.6101 

1025 3 -0.49748 11.3465 16.9102 22.6898 

1025 3 -0.494309 8.48517 14.1115 22.6473 

1025 3 -0.498395 8.43708 19.8284 22.6632 

1025 3 -0.496845 8.5145 19.8192 22.6776 

1025 3 -0.495154 8.51119 16.9145 22.6643 

1025 3 -0.494069 14.1018 16.9776 22.632 

1025 3 -0.495722 14.1486 19.8277 22.6301 

1025 3 -0.496844 14.1586 19.828 22.6315 

1025 3 -0.493365 11.2832 16.9353 22.6565 

1025 3 -0.494462 8.48551 19.757 22.6567 

1025 3 -0.495085 11.3359 22.6601 22.6753 

1025 3 -0.493781 11.4404 19.8104 22.6585 

1025 3 -0.4916 11.3489 19.7312 22.65 

1025 3 -0.494372 8.45425 16.9647 22.6793 

1025 3 -0.500762 8.49335 0.0533868 22.6518 

1025 3 -0.49947 8.47752 16.9262 22.6049 

1025 3 -0.493731 11.3516 19.8179 22.7018 

1025 3 -0.494226 14.1686 16.9727 22.6294 

1025 3 -0.493811 14.116 22.6871 22.6794 

1025 3 -0.494826 14.1281 19.8086 22.6489 

1025 3 -0.49608 11.3538 19.7435 22.6809 

1025 3 -0.497398 11.3477 16.9269 22.6928 

1025 3 -0.495845 11.3084 14.1295 22.5957 

1025 3 -0.495394 8.54436 19.8166 22.6465 

1025 3 -0.49629 8.47379 0.00339343 22.6615 

1025 3 -0.495888 8.52106 16.891 22.6536 

1025 3 -0.498147 11.2806 14.145 22.6234 

1025 3 -0.495914 14.0701 22.7052 22.6988 

1025 3 -0.496986 14.1899 19.8488 22.6495 

1025 3 -0.493684 14.1559 16.9321 22.6386 

1025 3 -0.500303 11.3309 16.9504 22.6402 

1025 3 -0.494579 11.3521 22.5859 22.6316 

1025 3 -0.493216 11.3899 19.7535 22.6401 

1025 3 -0.493692 14.1984 14.1853 22.6942 

1025 3 -0.494773 11.3067 16.9469 22.6783 

1025 3 -0.496416 8.49397 22.6664 22.653 

1025 3 -0.497719 8.49924 19.8293 22.6667 

1025 3 -0.495069 8.60927 19.8533 22.6951 

1025 3 -0.490666 14.1127 16.9943 22.6558 

1025 3 -0.5004 14.0878 14.1823 22.6435 

1025 3 -0.499533 17.0743 19.7163 22.6318 

1025 3 -0.491316 17.0303 19.8721 22.7006 

1025 3 -0.501177 11.3772 16.8469 22.6627 

1025 3 -0.496587 8.49761 14.1871 22.6208 

1025 3 -0.494656 11.4253 19.7958 22.6367 

1025 3 -0.497428 11.4177 19.773 22.6404 

1025 3 -0.498154 11.3021 14.0938 22.6017 

1025 3 -0.494949 8.48321 16.9289 22.6917 
