1801 2 0.0 0.0 0.0 56.381358996
1802 2 0.0 1.40773 1.34094 27.313953804
1803 2 0.0 2.81546 0.0 56.381358996
1804 2 0.0 4.22319 1.34094 27.313953804
1805 2 0.0 5.63092 0.0 56.381358996
1806 2 0.0 7.03865 1.34094 27.313953804
1807 2 0.0 8.44638 0.0 56.381358996
1808 2 0.0 9.85411 1.34094 27.313953804
1809 2 0.0 11.26184 0.0 56.381358996
1810 2 0.0 12.66957 1.34094 27.313953804
1811 2 0.0 14.0773 0.0 56.381358996
1812 2 0.0 15.48503 1.34094 27.313953804
1813 2 0.0 16.89276 0.0 56.381358996
1814 2 0.0 18.30049 1.34094 27.313953804
1815 2 0.0 19.70822 0.0 56.381358996
1816 2 0.0 21.11595 1.34094 27.313953804
1817 2 0.0 22.52368 0.0 56.381358996
1818 2 0.0 23.93141 1.34094 27.313953804
1819 2 0.0 25.33914 0.0 56.381358996
1820 2 0.0 26.74687 1.34094 27.313953804
1821 2 0.0 0.0 2.68188 56.381358996
1822 2 0.0 1.40773 4.02282 27.313953804
1823 2 0.0 2.81546 2.68188 56.381358996
1824 2 0.0 4.22319 4.02282 27.313953804
1825 2 0.0 5.63092 2.68188 56.381358996
1826 2 0.0 7.03865 4.02282 27.313953804
1827 2 0.0 8.44638 2.68188 56.381358996
1828 2 0.0 9.85411 4.02282 27.313953804
1829 2 0.0 11.26184 2.68188 56.381358996
1830 2 0.0 12.66957 4.02282 27.313953804
1831 2 0.0 14.0773 2.68188 56.381358996
1832 2 0.0 15.48503 4.02282 27.313953804
1833 2 0.0 16.89276 2.68188 56.381358996
1834 2 0.0 18.30049 4.02282 27.313953804
1835 2 0.0 19.70822 2.68188 56.381358996
1836 2 0.0 21.11595 4.02282 27.313953804
1837 2 0.0 22.52368 2.68188 56.381358996
1838 2 0.0 23.93141 4.02282 27.313953804
1839 2 0.0 25.33914 2.68188 56.381358996
1840 2 0.0 26.74687 4.02282 27.313953804
1841 2 0.0 0.0 5.36376 56.381358996
1842 2 0.0 1.40773 6.7047 27.313953804
1843 2 0.0 2.81546 5.36376 56.381358996
1844 2 0.0 4.22319 6.7047 27.313953804
1845 2 0.0 5.63092 5.36376 56.381358996
1846 2 0.0 7.03865 6.7047 27.313953804
1847 2 0.0 8.44638 5.36376 56.381358996
1848 2 0.0 9.85411 6.7047 27.313953804
1849 2 0.0 11.26184 5.36376 56.381358996
1850 2 0.0 12.66957 6.7047 27.313953804
1851 2 0.0 14.0773 5.36376 56.381358996
1852 2 0.0 15.48503 6.7047 27.313953804
1853 2 0.0 16.89276 5.36376 56.381358996
1854 2 0.0 18.30049 6.7047 27.313953804
1855 2 0.0 19.70822 5.36376 56.381358996
1856 2 0.0 21.11595 6.7047 27.313953804
1857 2 0.0 22.52368 5.36376 56.381358996
1858 2 0.0 23.93141 6.7047 27.313953804
1859 2 0.0 25.33914 5.36376 56.381358996
1860 2 0.0 26.74687 6.7047 27.313953804
1861 2 0.0 0.0 8.04564 56.381358996
1862 2 0.0 1.40773 9.38658 27.313953804
1863 2 0.0 2.81546 8.04564 56.381358996
1864 2 0.0 4.22319 9.38658 27.313953804
1865 2 0.0 5.63092 8.04564 56.381358996
1866 2 0.0 7.03865 9.38658 27.313953804
1867 2 0.0 8.44638 8.04564 56.381358996
1868 2 0.0 9.85411 9.38658 27.313953804
1869 2 0.0 11.26184 8.04564 56.381358996
1870 2 0.0 12.66957 9.38658 27.313953804
1871 2 0.0 14.0773 8.04564 56.381358996
1872 2 0.0 15.48503 9.38658 27.313953804
1873 2 0.0 16.89276 8.04564 56.381358996
1874 2 0.0 18.30049 9.38658 27.313953804
1875 2 0.0 19.70822 8.04564 56.381358996
1876 2 0.0 21.11595 9.38658 27.313953804
1877 2 0.0 22.52368 8.04564 56.381358996
1878 2 0.0 23.93141 9.38658 27.313953804
1879 2 0.0 25.33914 8.04564 56.381358996
1880 2 0.0 26.74687 9.38658 27.313953804
1881 2 0.0 0.0 10.72752 56.381358996
1882 2 0.0 1.40773 12.06846 27.313953804
1883 2 0.0 2.81546 10.72752 56.381358996
1884 2 0.0 4.22319 12.06846 27.313953804
1885 2 0.0 5.63092 10.72752 56.381358996
1886 2 0.0 7.03865 12.06846 27.313953804
1887 2 0.0 8.44638 10.72752 56.381358996
1888 2 0.0 9.85411 12.06846 27.313953804
1889 2 0.0 11.26184 10.72752 56.381358996
1890 2 0.0 12.66957 12.06846 27.313953804
1891 2 0.0 14.0773 10.72752 56.381358996
1892 2 0.0 15.48503 12.06846 27.313953804
1893 2 0.0 16.89276 10.72752 56.381358996
1894 2 0.0 18.30049 12.06846 27.313953804
1895 2 0.0 19.70822 10.72752 56.381358996
1896 2 0.0 21.11595 12.06846 27.313953804
1897 2 0.0 22.52368 10.72752 56.381358996
1898 2 0.0 23.93141 12.06846 27.313953804
1899 2 0.0 25.33914 10.72752 56.381358996
1900 2 0.0 26.74687 12.06846 27.313953804
1901 2 0.0 0.0 13.4094 56.381358996
1902 2 0.0 1.40773 14.75034 27.313953804
1903 2 0.0 2.81546 13.4094 56.381358996
1904 2 0.0 4.22319 14.75034 27.313953804
1905 2 0.0 5.63092 13.4094 56.381358996
1906 2 0.0 7.03865 14.75034 27.313953804
1907 2 0.0 8.44638 13.4094 56.381358996
1908 2 0.0 9.85411 14.75034 27.313953804
1909 2 0.0 11.26184 13.4094 56.381358996
1910 2 0.0 12.66957 14.75034 27.313953804
1911 2 0.0 14.0773 13.4094 56.381358996
1912 2 0.0 15.48503 14.75034 27.313953804
1913 2 0.0 16.89276 13.4094 56.381358996
1914 2 0.0 18.30049 14.75034 27.313953804
1915 2 0.0 19.70822 13.4094 56.381358996
1916 2 0.0 21.11595 14.75034 27.313953804
1917 2 0.0 22.52368 13.4094 56.381358996
1918 2 0.0 23.93141 14.75034 27.313953804
1919 2 0.0 25.33914 13.4094 56.381358996
1920 2 0.0 26.74687 14.75034 27.313953804
1921 2 0.0 0.0 16.09128 56.381358996
1922 2 0.0 1.40773 17.43222 27.313953804
1923 2 0.0 2.81546 16.09128 56.381358996
1924 2 0.0 4.22319 17.43222 27.313953804
1925 2 0.0 5.63092 16.09128 56.381358996
1926 2 0.0 7.03865 17.43222 27.313953804
1927 2 0.0 8.44638 16.09128 56.381358996
1928 2 0.0 9.85411 17.43222 27.313953804
1929 2 0.0 11.26184 16.09128 56.381358996
1930 2 0.0 12.66957 17.43222 27.313953804
1931 2 0.0 14.0773 16.09128 56.381358996
1932 2 0.0 15.48503 17.43222 27.313953804
1933 2 0.0 16.89276 16.09128 56.381358996
1934 2 0.0 18.30049 17.43222 27.313953804
1935 2 0.0 19.70822 16.09128 56.381358996
1936 2 0.0 21.11595 17.43222 27.313953804
1937 2 0.0 22.52368 16.09128 56.381358996
1938 2 0.0 23.93141 17.43222 27.313953804
1939 2 0.0 25.33914 16.09128 56.381358996
1940 2 0.0 26.74687 17.43222 27.313953804
1941 2 0.0 0.0 18.77316 56.381358996
1942 2 0.0 1.40773 20.1141 27.313953804
1943 2 0.0 2.81546 18.77316 56.381358996
1944 2 0.0 4.22319 20.1141 27.313953804
1945 2 0.0 5.63092 18.77316 56.381358996
1946 2 0.0 7.03865 20.1141 27.313953804
1947 2 0.0 8.44638 18.77316 56.381358996
1948 2 0.0 9.85411 20.1141 27.313953804
1949 2 0.0 11.26184 18.77316 56.381358996
1950 2 0.0 12.66957 20.1141 27.313953804
1951 2 0.0 14.0773 18.77316 56.381358996
1952 2 0.0 15.48503 20.1141 27.313953804
1953 2 0.0 16.89276 18.77316 56.381358996
1954 2 0.0 18.30049 20.1141 27.313953804
1955 2 0.0 19.70822 18.77316 56.381358996
1956 2 0.0 21.11595 20.1141 27.313953804
1957 2 0.0 22.52368 18.77316 56.381358996
1958 2 0.0 23.93141 20.1141 27.313953804
1959 2 0.0 25.33914 18.77316 56.381358996
1960 2 0.0 26.74687 20.1141 27.313953804
1961 2 0.0 0.0 21.45504 56.381358996
1962 2 0.0 1.40773 22.79598 27.313953804
1963 2 0.0 2.81546 21.45504 56.381358996
1964 2 0.0 4.22319 22.79598 27.313953804
1965 2 0.0 5.63092 21.45504 56.381358996
1966 2 0.0 7.03865 22.79598 27.313953804
1967 2 0.0 8.44638 21.45504 56.381358996
1968 2 0.0 9.85411 22.79598 27.313953804
1969 2 0.0 11.26184 21.45504 56.381358996
1970 2 0.0 12.66957 22.79598 27.313953804
1971 2 0.0 14.0773 21.45504 56.381358996
1972 2 0.0 15.48503 22.79598 27.313953804
1973 2 0.0 16.89276 21.45504 56.381358996
1974 2 0.0 18.30049 22.79598 27.313953804
1975 2 0.0 19.70822 21.45504 56.381358996
1976 2 0.0 21.11595 22.79598 27.313953804
1977 2 0.0 22.52368 21.45504 56.381358996
1978 2 0.0 23.93141 22.79598 27.313953804
1979 2 0.0 25.33914 21.45504 56.381358996
1980 2 0.0 26.74687 22.79598 27.313953804
1981 2 0.0 0.0 24.13692 56.381358996
1982 2 0.0 1.40773 25.47786 27.313953804
1983 2 0.0 2.81546 24.13692 56.381358996
1984 2 0.0 4.22319 25.47786 27.313953804
1985 2 0.0 5.63092 24.13692 56.381358996
1986 2 0.0 7.03865 25.47786 27.313953804
1987 2 0.0 8.44638 24.13692 56.381358996
1988 2 0.0 9.85411 25.47786 27.313953804
1989 2 0.0 11.26184 24.13692 56.381358996
1990 2 0.0 12.66957 25.47786 27.313953804
1991 2 0.0 14.0773 24.13692 56.381358996
1992 2 0.0 15.48503 25.47786 27.313953804
1993 2 0.0 16.89276 24.13692 56.381358996
1994 2 0.0 18.30049 25.47786 27.313953804
1995 2 0.0 19.70822 24.13692 56.381358996
1996 2 0.0 21.11595 25.47786 27.313953804
1997 2 0.0 22.52368 24.13692 56.381358996
1998 2 0.0 23.93141 25.47786 27.313953804
1999 2 0.0 25.33914 24.13692 56.381358996
2000 2 0.0 26.74687 25.47786 27.313953804
2001 2 0.0 0.0 0.0 28.84375656
2002 2 0.0 1.40773 1.34094 30.373559316
2003 2 0.0 2.81546 0.0 28.84375656
2004 2 0.0 4.22319 1.34094 30.373559316
2005 2 0.0 5.63092 0.0 28.84375656
2006 2 0.0 7.03865 1.34094 30.373559316
2007 2 0.0 8.44638 0.0 28.84375656
2008 2 0.0 9.85411 1.34094 30.373559316
2009 2 0.0 11.26184 0.0 28.84375656
2010 2 0.0 12.66957 1.34094 30.373559316
2011 2 0.0 14.0773 0.0 28.84375656
2012 2 0.0 15.48503 1.34094 30.373559316
2013 2 0.0 16.89276 0.0 28.84375656
2014 2 0.0 18.30049 1.34094 30.373559316
2015 2 0.0 19.70822 0.0 28.84375656
2016 2 0.0 21.11595 1.34094 30.373559316
2017 2 0.0 22.52368 0.0 28.84375656
2018 2 0.0 23.93141 1.34094 30.373559316
2019 2 0.0 25.33914 0.0 28.84375656
2020 2 0.0 26.74687 1.34094 30.373559316
2021 2 0.0 0.0 2.68188 28.84375656
2022 2 0.0 1.40773 4.02282 30.373559316
2023 2 0.0 2.81546 2.68188 28.84375656
2024 2 0.0 4.22319 4.02282 30.373559316
2025 2 0.0 5.63092 2.68188 28.84375656
2026 2 0.0 7.03865 4.02282 30.373559316
2027 2 0.0 8.44638 2.68188 28.84375656
2028 2 0.0 9.85411 4.02282 30.373559316
2029 2 0.0 11.26184 2.68188 28.84375656
2030 2 0.0 12.66957 4.02282 30.373559316
2031 2 0.0 14.0773 2.68188 28.84375656
2032 2 0.0 15.48503 4.02282 30.373559316
2033 2 0.0 16.89276 2.68188 28.84375656
2034 2 0.0 18.30049 4.02282 30.373559316
2035 2 0.0 19.70822 2.68188 28.84375656
2036 2 0.0 21.11595 4.02282 30.373559316
2037 2 0.0 22.52368 2.68188 28.84375656
2038 2 0.0 23.93141 4.02282 30.373559316
2039 2 0.0 25.33914 2.68188 28.84375656
2040 2 0.0 26.74687 4.02282 30.373559316
2041 2 0.0 0.0 5.36376 28.84375656
2042 2 0.0 1.40773 6.7047 30.373559316
2043 2 0.0 2.81546 5.36376 28.84375656
2044 2 0.0 4.22319 6.7047 30.373559316
2045 2 0.0 5.63092 5.36376 28.84375656
2046 2 0.0 7.03865 6.7047 30.373559316
2047 2 0.0 8.44638 5.36376 28.84375656
2048 2 0.0 9.85411 6.7047 30.373559316
2049 2 0.0 11.26184 5.36376 28.84375656
2050 2 0.0 12.66957 6.7047 30.373559316
2051 2 0.0 14.0773 5.36376 28.84375656
2052 2 0.0 15.48503 6.7047 30.373559316
2053 2 0.0 16.89276 5.36376 28.84375656
2054 2 0.0 18.30049 6.7047 30.373559316
2055 2 0.0 19.70822 5.36376 28.84375656
2056 2 0.0 21.11595 6.7047 30.373559316
2057 2 0.0 22.52368 5.36376 28.84375656
2058 2 0.0 23.93141 6.7047 30.373559316
2059 2 0.0 25.33914 5.36376 28.84375656
2060 2 0.0 26.74687 6.7047 30.373559316
2061 2 0.0 0.0 8.04564 28.84375656
2062 2 0.0 1.40773 9.38658 30.373559316
2063 2 0.0 2.81546 8.04564 28.84375656
2064 2 0.0 4.22319 9.38658 30.373559316
2065 2 0.0 5.63092 8.04564 28.84375656
2066 2 0.0 7.03865 9.38658 30.373559316
2067 2 0.0 8.44638 8.04564 28.84375656
2068 2 0.0 9.85411 9.38658 30.373559316
2069 2 0.0 11.26184 8.04564 28.84375656
2070 2 0.0 12.66957 9.38658 30.373559316
2071 2 0.0 14.0773 8.04564 28.84375656
2072 2 0.0 15.48503 9.38658 30.373559316
2073 2 0.0 16.89276 8.04564 28.84375656
2074 2 0.0 18.30049 9.38658 30.373559316
2075 2 0.0 19.70822 8.04564 28.84375656
2076 2 0.0 21.11595 9.38658 30.373559316
2077 2 0.0 22.52368 8.04564 28.84375656
2078 2 0.0 23.93141 9.38658 30.373559316
2079 2 0.0 25.33914 8.04564 28.84375656
2080 2 0.0 26.74687 9.38658 30.373559316
2081 2 0.0 0.0 10.72752 28.84375656
2082 2 0.0 1.40773 12.06846 30.373559316
2083 2 0.0 2.81546 10.72752 28.84375656
2084 2 0.0 4.22319 12.06846 30.373559316
2085 2 0.0 5.63092 10.72752 28.84375656
2086 2 0.0 7.03865 12.06846 30.373559316
2087 2 0.0 8.44638 10.72752 28.84375656
2088 2 0.0 9.85411 12.06846 30.373559316
2089 2 0.0 11.26184 10.72752 28.84375656
2090 2 0.0 12.66957 12.06846 30.373559316
2091 2 0.0 14.0773 10.72752 28.84375656
2092 2 0.0 15.48503 12.06846 30.373559316
2093 2 0.0 16.89276 10.72752 28.84375656
2094 2 0.0 18.30049 12.06846 30.373559316
2095 2 0.0 19.70822 10.72752 28.84375656
2096 2 0.0 21.11595 12.06846 30.373559316
2097 2 0.0 22.52368 10.72752 28.84375656
2098 2 0.0 23.93141 12.06846 30.373559316
2099 2 0.0 25.33914 10.72752 28.84375656
2100 2 0.0 26.74687 12.06846 30.373559316
2101 2 0.0 0.0 13.4094 28.84375656
2102 2 0.0 1.40773 14.75034 30.373559316
2103 2 0.0 2.81546 13.4094 28.84375656
2104 2 0.0 4.22319 14.75034 30.373559316
2105 2 0.0 5.63092 13.4094 28.84375656
2106 2 0.0 7.03865 14.75034 30.373559316
2107 2 0.0 8.44638 13.4094 28.84375656
2108 2 0.0 9.85411 14.75034 30.373559316
2109 2 0.0 11.26184 13.4094 28.84375656
2110 2 0.0 12.66957 14.75034 30.373559316
2111 2 0.0 14.0773 13.4094 28.84375656
2112 2 0.0 15.48503 14.75034 30.373559316
2113 2 0.0 16.89276 13.4094 28.84375656
2114 2 0.0 18.30049 14.75034 30.373559316
2115 2 0.0 19.70822 13.4094 28.84375656
2116 2 0.0 21.11595 14.75034 30.373559316
2117 2 0.0 22.52368 13.4094 28.84375656
2118 2 0.0 23.93141 14.75034 30.373559316
2119 2 0.0 25.33914 13.4094 28.84375656
2120 2 0.0 26.74687 14.75034 30.373559316
2121 2 0.0 0.0 16.09128 28.84375656
2122 2 0.0 1.40773 17.43222 30.373559316
2123 2 0.0 2.81546 16.09128 28.84375656
2124 2 0.0 4.22319 17.43222 30.373559316
2125 2 0.0 5.63092 16.09128 28.84375656
2126 2 0.0 7.03865 17.43222 30.373559316
2127 2 0.0 8.44638 16.09128 28.84375656
2128 2 0.0 9.85411 17.43222 30.373559316
2129 2 0.0 11.26184 16.09128 28.84375656
2130 2 0.0 12.66957 17.43222 30.373559316
2131 2 0.0 14.0773 16.09128 28.84375656
2132 2 0.0 15.48503 17.43222 30.373559316
2133 2 0.0 16.89276 16.09128 28.84375656
2134 2 0.0 18.30049 17.43222 30.373559316
2135 2 0.0 19.70822 16.09128 28.84375656
2136 2 0.0 21.11595 17.43222 30.373559316
2137 2 0.0 22.52368 16.09128 28.84375656
2138 2 0.0 23.93141 17.43222 30.373559316
2139 2 0.0 25.33914 16.09128 28.84375656
2140 2 0.0 26.74687 17.43222 30.373559316
2141 2 0.0 0.0 18.77316 28.84375656
2142 2 0.0 1.40773 20.1141 30.373559316
2143 2 0.0 2.81546 18.77316 28.84375656
2144 2 0.0 4.22319 20.1141 30.373559316
2145 2 0.0 5.63092 18.77316 28.84375656
2146 2 0.0 7.03865 20.1141 30.373559316
2147 2 0.0 8.44638 18.77316 28.84375656
2148 2 0.0 9.85411 20.1141 30.373559316
2149 2 0.0 11.26184 18.77316 28.84375656
2150 2 0.0 12.66957 20.1141 30.373559316
2151 2 0.0 14.0773 18.77316 28.84375656
2152 2 0.0 15.48503 20.1141 30.373559316
2153 2 0.0 16.89276 18.77316 28.84375656
2154 2 0.0 18.30049 20.1141 30.373559316
2155 2 0.0 19.70822 18.77316 28.84375656
2156 2 0.0 21.11595 20.1141 30.373559316
2157 2 0.0 22.52368 18.77316 28.84375656
2158 2 0.0 23.93141 20.1141 30.373559316
2159 2 0.0 25.33914 18.77316 28.84375656
2160 2 0.0 26.74687 20.1141 30.373559316
2161 2 0.0 0.0 21.45504 28.84375656
2162 2 0.0 1.40773 22.79598 30.373559316
2163 2 0.0 2.81546 21.45504 28.84375656
2164 2 0.0 4.22319 22.79598 30.373559316
2165 2 0.0 5.63092 21.45504 28.84375656
2166 2 0.0 7.03865 22.79598 30.373559316
2167 2 0.0 8.44638 21.45504 28.84375656
2168 2 0.0 9.85411 22.79598 30.373559316
2169 2 0.0 11.26184 21.45504 28.84375656
2170 2 0.0 12.66957 22.79598 30.373559316
2171 2 0.0 14.0773 21.45504 28.84375656
2172 2 0.0 15.48503 22.79598 30.373559316
2173 2 0.0 16.89276 21.45504 28.84375656
2174 2 0.0 18.30049 22.79598 30.373559316
2175 2 0.0 19.70822 21.45504 28.84375656
2176 2 0.0 21.11595 22.79598 30.373559316
2177 2 0.0 22.52368 21.45504 28.84375656
2178 2 0.0 23.93141 22.79598 30.373559316
2179 2 0.0 25.33914 21.45504 28.84375656
2180 2 0.0 26.74687 22.79598 30.373559316
2181 2 0.0 0.0 24.13692 28.84375656
2182 2 0.0 1.40773 25.47786 30.373559316
2183 2 0.0 2.81546 24.13692 28.84375656
2184 2 0.0 4.22319 25.47786 30.373559316
2185 2 0.0 5.63092 24.13692 28.84375656
2186 2 0.0 7.03865 25.47786 30.373559316
2187 2 0.0 8.44638 24.13692 28.84375656
2188 2 0.0 9.85411 25.47786 30.373559316
2189 2 0.0 11.26184 24.13692 28.84375656
2190 2 0.0 12.66957 25.47786 30.373559316
2191 2 0.0 14.0773 24.13692 28.84375656
2192 2 0.0 15.48503 25.47786 30.373559316
2193 2 0.0 16.89276 24.13692 28.84375656
2194 2 0.0 18.30049 25.47786 30.373559316
2195 2 0.0 19.70822 24.13692 28.84375656
2196 2 0.0 21.11595 25.47786 30.373559316
2197 2 0.0 22.52368 24.13692 28.84375656
2198 2 0.0 23.93141 25.47786 30.373559316
2199 2 0.0 25.33914 24.13692 28.84375656
2200 2 0.0 26.74687 25.47786 30.373559316
2201 2 0.0 0.0 0.0 31.903362072
2202 2 0.0 1.40773 1.34094 33.433164828
2203 2 0.0 2.81546 0.0 31.903362072
2204 2 0.0 4.22319 1.34094 33.433164828
2205 2 0.0 5.63092 0.0 31.903362072
2206 2 0.0 7.03865 1.34094 33.433164828
2207 2 0.0 8.44638 0.0 31.903362072
2208 2 0.0 9.85411 1.34094 33.433164828
2209 2 0.0 11.26184 0.0 31.903362072
2210 2 0.0 12.66957 1.34094 33.433164828
2211 2 0.0 14.0773 0.0 31.903362072
2212 2 0.0 15.48503 1.34094 33.433164828
2213 2 0.0 16.89276 0.0 31.903362072
2214 2 0.0 18.30049 1.34094 33.433164828
2215 2 0.0 19.70822 0.0 31.903362072
2216 2 0.0 21.11595 1.34094 33.433164828
2217 2 0.0 22.52368 0.0 31.903362072
2218 2 0.0 23.93141 1.34094 33.433164828
2219 2 0.0 25.33914 0.0 31.903362072
2220 2 0.0 26.74687 1.34094 33.433164828
2221 2 0.0 0.0 2.68188 31.903362072
2222 2 0.0 1.40773 4.02282 33.433164828
2223 2 0.0 2.81546 2.68188 31.903362072
2224 2 0.0 4.22319 4.02282 33.433164828
2225 2 0.0 5.63092 2.68188 31.903362072
2226 2 0.0 7.03865 4.02282 33.433164828
2227 2 0.0 8.44638 2.68188 31.903362072
2228 2 0.0 9.85411 4.02282 33.433164828
2229 2 0.0 11.26184 2.68188 31.903362072
2230 2 0.0 12.66957 4.02282 33.433164828
2231 2 0.0 14.0773 2.68188 31.903362072
2232 2 0.0 15.48503 4.02282 33.433164828
2233 2 0.0 16.89276 2.68188 31.903362072
2234 2 0.0 18.30049 4.02282 33.433164828
2235 2 0.0 19.70822 2.68188 31.903362072
2236 2 0.0 21.11595 4.02282 33.433164828
2237 2 0.0 22.52368 2.68188 31.903362072
2238 2 0.0 23.93141 4.02282 33.433164828
2239 2 0.0 25.33914 2.68188 31.903362072
2240 2 0.0 26.74687 4.02282 33.433164828
2241 2 0.0 0.0 5.36376 31.903362072
2242 2 0.0 1.40773 6.7047 33.433164828
2243 2 0.0 2.81546 5.36376 31.903362072
2244 2 0.0 4.22319 6.7047 33.433164828
2245 2 0.0 5.63092 5.36376 31.903362072
2246 2 0.0 7.03865 6.7047 33.433164828
2247 2 0.0 8.44638 5.36376 31.903362072
2248 2 0.0 9.85411 6.7047 33.433164828
2249 2 0.0 11.26184 5.36376 31.903362072
2250 2 0.0 12.66957 6.7047 33.433164828
2251 2 0.0 14.0773 5.36376 31.903362072
2252 2 0.0 15.48503 6.7047 33.433164828
2253 2 0.0 16.89276 5.36376 31.903362072
2254 2 0.0 18.30049 6.7047 33.433164828
2255 2 0.0 19.70822 5.36376 31.903362072
2256 2 0.0 21.11595 6.7047 33.433164828
2257 2 0.0 22.52368 5.36376 31.903362072
2258 2 0.0 23.93141 6.7047 33.433164828
2259 2 0.0 25.33914 5.36376 31.903362072
2260 2 0.0 26.74687 6.7047 33.433164828
2261 2 0.0 0.0 8.04564 31.903362072
2262 2 0.0 1.40773 9.38658 33.433164828
2263 2 0.0 2.81546 8.04564 31.903362072
2264 2 0.0 4.22319 9.38658 33.433164828
2265 2 0.0 5.63092 8.04564 31.903362072
2266 2 0.0 7.03865 9.38658 33.433164828
2267 2 0.0 8.44638 8.04564 31.903362072
2268 2 0.0 9.85411 9.38658 33.433164828
2269 2 0.0 11.26184 8.04564 31.903362072
2270 2 0.0 12.66957 9.38658 33.433164828
2271 2 0.0 14.0773 8.04564 31.903362072
2272 2 0.0 15.48503 9.38658 33.433164828
2273 2 0.0 16.89276 8.04564 31.903362072
2274 2 0.0 18.30049 9.38658 33.433164828
2275 2 0.0 19.70822 8.04564 31.903362072
2276 2 0.0 21.11595 9.38658 33.433164828
2277 2 0.0 22.52368 8.04564 31.903362072
2278 2 0.0 23.93141 9.38658 33.433164828
2279 2 0.0 25.33914 8.04564 31.903362072
2280 2 0.0 26.74687 9.38658 33.433164828
2281 2 0.0 0.0 10.72752 31.903362072
2282 2 0.0 1.40773 12.06846 33.433164828
2283 2 0.0 2.81546 10.72752 31.903362072
2284 2 0.0 4.22319 12.06846 33.433164828
2285 2 0.0 5.63092 10.72752 31.903362072
2286 2 0.0 7.03865 12.06846 33.433164828
2287 2 0.0 8.44638 10.72752 31.903362072
2288 2 0.0 9.85411 12.06846 33.433164828
2289 2 0.0 11.26184 10.72752 31.903362072
2290 2 0.0 12.66957 12.06846 33.433164828
2291 2 0.0 14.0773 10.72752 31.903362072
2292 2 0.0 15.48503 12.06846 33.433164828
2293 2 0.0 16.89276 10.72752 31.903362072
2294 2 0.0 18.30049 12.06846 33.433164828
2295 2 0.0 19.70822 10.72752 31.903362072
2296 2 0.0 21.11595 12.06846 33.433164828
2297 2 0.0 22.52368 10.72752 31.903362072
2298 2 0.0 23.93141 12.06846 33.433164828
2299 2 0.0 25.33914 10.72752 31.903362072
2300 2 0.0 26.74687 12.06846 33.433164828
2301 2 0.0 0.0 13.4094 31.903362072
2302 2 0.0 1.40773 14.75034 33.433164828
2303 2 0.0 2.81546 13.4094 31.903362072
2304 2 0.0 4.22319 14.75034 33.433164828
2305 2 0.0 5.63092 13.4094 31.903362072
2306 2 0.0 7.03865 14.75034 33.433164828
2307 2 0.0 8.44638 13.4094 31.903362072
2308 2 0.0 9.85411 14.75034 33.433164828
2309 2 0.0 11.26184 13.4094 31.903362072
2310 2 0.0 12.66957 14.75034 33.433164828
2311 2 0.0 14.0773 13.4094 31.903362072
2312 2 0.0 15.48503 14.75034 33.433164828
2313 2 0.0 16.89276 13.4094 31.903362072
2314 2 0.0 18.30049 14.75034 33.433164828
2315 2 0.0 19.70822 13.4094 31.903362072
2316 2 0.0 21.11595 14.75034 33.433164828
2317 2 0.0 22.52368 13.4094 31.903362072
2318 2 0.0 23.93141 14.75034 33.433164828
2319 2 0.0 25.33914 13.4094 31.903362072
2320 2 0.0 26.74687 14.75034 33.433164828
2321 2 0.0 0.0 16.09128 31.903362072
2322 2 0.0 1.40773 17.43222 33.433164828
2323 2 0.0 2.81546 16.09128 31.903362072
2324 2 0.0 4.22319 17.43222 33.433164828
2325 2 0.0 5.63092 16.09128 31.903362072
2326 2 0.0 7.03865 17.43222 33.433164828
2327 2 0.0 8.44638 16.09128 31.903362072
2328 2 0.0 9.85411 17.43222 33.433164828
2329 2 0.0 11.26184 16.09128 31.903362072
2330 2 0.0 12.66957 17.43222 33.433164828
2331 2 0.0 14.0773 16.09128 31.903362072
2332 2 0.0 15.48503 17.43222 33.433164828
2333 2 0.0 16.89276 16.09128 31.903362072
2334 2 0.0 18.30049 17.43222 33.433164828
2335 2 0.0 19.70822 16.09128 31.903362072
2336 2 0.0 21.11595 17.43222 33.433164828
2337 2 0.0 22.52368 16.09128 31.903362072
2338 2 0.0 23.93141 17.43222 33.433164828
2339 2 0.0 25.33914 16.09128 31.903362072
2340 2 0.0 26.74687 17.43222 33.433164828
2341 2 0.0 0.0 18.77316 31.903362072
2342 2 0.0 1.40773 20.1141 33.433164828
2343 2 0.0 2.81546 18.77316 31.903362072
2344 2 0.0 4.22319 20.1141 33.433164828
2345 2 0.0 5.63092 18.77316 31.903362072
2346 2 0.0 7.03865 20.1141 33.433164828
2347 2 0.0 8.44638 18.77316 31.903362072
2348 2 0.0 9.85411 20.1141 33.433164828
2349 2 0.0 11.26184 18.77316 31.903362072
2350 2 0.0 12.66957 20.1141 33.433164828
2351 2 0.0 14.0773 18.77316 31.903362072
2352 2 0.0 15.48503 20.1141 33.433164828
2353 2 0.0 16.89276 18.77316 31.903362072
2354 2 0.0 18.30049 20.1141 33.433164828
2355 2 0.0 19.70822 18.77316 31.903362072
2356 2 0.0 21.11595 20.1141 33.433164828
2357 2 0.0 22.52368 18.77316 31.903362072
2358 2 0.0 23.93141 20.1141 33.433164828
2359 2 0.0 25.33914 18.77316 31.903362072
2360 2 0.0 26.74687 20.1141 33.433164828
2361 2 0.0 0.0 21.45504 31.903362072
2362 2 0.0 1.40773 22.79598 33.433164828
2363 2 0.0 2.81546 21.45504 31.903362072
2364 2 0.0 4.22319 22.79598 33.433164828
2365 2 0.0 5.63092 21.45504 31.903362072
2366 2 0.0 7.03865 22.79598 33.433164828
2367 2 0.0 8.44638 21.45504 31.903362072
2368 2 0.0 9.85411 22.79598 33.433164828
2369 2 0.0 11.26184 21.45504 31.903362072
2370 2 0.0 12.66957 22.79598 33.433164828
2371 2 0.0 14.0773 21.45504 31.903362072
2372 2 0.0 15.48503 22.79598 33.433164828
2373 2 0.0 16.89276 21.45504 31.903362072
2374 2 0.0 18.30049 22.79598 33.433164828
2375 2 0.0 19.70822 21.45504 31.903362072
2376 2 0.0 21.11595 22.79598 33.433164828
2377 2 0.0 22.52368 21.45504 31.903362072
2378 2 0.0 23.93141 22.79598 33.433164828
2379 2 0.0 25.33914 21.45504 31.903362072
2380 2 0.0 26.74687 22.79598 33.433164828
2381 2 0.0 0.0 24.13692 31.903362072
2382 2 0.0 1.40773 25.47786 33.433164828
2383 2 0.0 2.81546 24.13692 31.903362072
2384 2 0.0 4.22319 25.47786 33.433164828
2385 2 0.0 5.63092 24.13692 31.903362072
2386 2 0.0 7.03865 25.47786 33.433164828
2387 2 0.0 8.44638 24.13692 31.903362072
2388 2 0.0 9.85411 25.47786 33.433164828
2389 2 0.0 11.26184 24.13692 31.903362072
2390 2 0.0 12.66957 25.47786 33.433164828
2391 2 0.0 14.0773 24.13692 31.903362072
2392 2 0.0 15.48503 25.47786 33.433164828
2393 2 0.0 16.89276 24.13692 31.903362072
2394 2 0.0 18.30049 25.47786 33.433164828
2395 2 0.0 19.70822 24.13692 31.903362072
2396 2 0.0 21.11595 25.47786 33.433164828
2397 2 0.0 22.52368 24.13692 31.903362072
2398 2 0.0 23.93141 25.47786 33.433164828
2399 2 0.0 25.33914 24.13692 31.903362072
2400 2 0.0 26.74687 25.47786 33.433164828
2401 2 0.0 0.0 0.0 34.962967584
2402 2 0.0 1.40773 1.34094 36.493346754
2403 2 0.0 2.81546 0.0 34.962967584
2404 2 0.0 4.22319 1.34094 36.493346754
2405 2 0.0 5.63092 0.0 34.962967584
2406 2 0.0 7.03865 1.34094 36.493346754
2407 2 0.0 8.44638 0.0 34.962967584
2408 2 0.0 9.85411 1.34094 36.493346754
2409 2 0.0 11.26184 0.0 34.962967584
2410 2 0.0 12.66957 1.34094 36.493346754
2411 2 0.0 14.0773 0.0 34.962967584
2412 2 0.0 15.48503 1.34094 36.493346754
2413 2 0.0 16.89276 0.0 34.962967584
2414 2 0.0 18.30049 1.34094 36.493346754
2415 2 0.0 19.70822 0.0 34.962967584
2416 2 0.0 21.11595 1.34094 36.493346754
2417 2 0.0 22.52368 0.0 34.962967584
2418 2 0.0 23.93141 1.34094 36.493346754
2419 2 0.0 25.33914 0.0 34.962967584
2420 2 0.0 26.74687 1.34094 36.493346754
2421 2 0.0 0.0 2.68188 34.962967584
2422 2 0.0 1.40773 4.02282 36.493346754
2423 2 0.0 2.81546 2.68188 34.962967584
2424 2 0.0 4.22319 4.02282 36.493346754
2425 2 0.0 5.63092 2.68188 34.962967584
2426 2 0.0 7.03865 4.02282 36.493346754
2427 2 0.0 8.44638 2.68188 34.962967584
2428 2 0.0 9.85411 4.02282 36.493346754
2429 2 0.0 11.26184 2.68188 34.962967584
2430 2 0.0 12.66957 4.02282 36.493346754
2431 2 0.0 14.0773 2.68188 34.962967584
2432 2 0.0 15.48503 4.02282 36.493346754
2433 2 0.0 16.89276 2.68188 34.962967584
2434 2 0.0 18.30049 4.02282 36.493346754
2435 2 0.0 19.70822 2.68188 34.962967584
2436 2 0.0 21.11595 4.02282 36.493346754
2437 2 0.0 22.52368 2.68188 34.962967584
2438 2 0.0 23.93141 4.02282 36.493346754
2439 2 0.0 25.33914 2.68188 34.962967584
2440 2 0.0 26.74687 4.02282 36.493346754
2441 2 0.0 0.0 5.36376 34.962967584
2442 2 0.0 1.40773 6.7047 36.493346754
2443 2 0.0 2.81546 5.36376 34.962967584
2444 2 0.0 4.22319 6.7047 36.493346754
2445 2 0.0 5.63092 5.36376 34.962967584
2446 2 0.0 7.03865 6.7047 36.493346754
2447 2 0.0 8.44638 5.36376 34.962967584
2448 2 0.0 9.85411 6.7047 36.493346754
2449 2 0.0 11.26184 5.36376 34.962967584
2450 2 0.0 12.66957 6.7047 36.493346754
2451 2 0.0 14.0773 5.36376 34.962967584
2452 2 0.0 15.48503 6.7047 36.493346754
2453 2 0.0 16.89276 5.36376 34.962967584
2454 2 0.0 18.30049 6.7047 36.493346754
2455 2 0.0 19.70822 5.36376 34.962967584
2456 2 0.0 21.11595 6.7047 36.493346754
2457 2 0.0 22.52368 5.36376 34.962967584
2458 2 0.0 23.93141 6.7047 36.493346754
2459 2 0.0 25.33914 5.36376 34.962967584
2460 2 0.0 26.74687 6.7047 36.493346754
2461 2 0.0 0.0 8.04564 34.962967584
2462 2 0.0 1.40773 9.38658 36.493346754
2463 2 0.0 2.81546 8.04564 34.962967584
2464 2 0.0 4.22319 9.38658 36.493346754
2465 2 0.0 5.63092 8.04564 34.962967584
2466 2 0.0 7.03865 9.38658 36.493346754
2467 2 0.0 8.44638 8.04564 34.962967584
2468 2 0.0 9.85411 9.38658 36.493346754
2469 2 0.0 11.26184 8.04564 34.962967584
2470 2 0.0 12.66957 9.38658 36.493346754
2471 2 0.0 14.0773 8.04564 34.962967584
2472 2 0.0 15.48503 9.38658 36.493346754
2473 2 0.0 16.89276 8.04564 34.962967584
2474 2 0.0 18.30049 9.38658 36.493346754
2475 2 0.0 19.70822 8.04564 34.962967584
2476 2 0.0 21.11595 9.38658 36.493346754
2477 2 0.0 22.52368 8.04564 34.962967584
2478 2 0.0 23.93141 9.38658 36.493346754
2479 2 0.0 25.33914 8.04564 34.962967584
2480 2 0.0 26.74687 9.38658 36.493346754
2481 2 0.0 0.0 10.72752 34.962967584
2482 2 0.0 1.40773 12.06846 36.493346754
2483 2 0.0 2.81546 10.72752 34.962967584
2484 2 0.0 4.22319 12.06846 36.493346754
2485 2 0.0 5.63092 10.72752 34.962967584
2486 2 0.0 7.03865 12.06846 36.493346754
2487 2 0.0 8.44638 10.72752 34.962967584
2488 2 0.0 9.85411 12.06846 36.493346754
2489 2 0.0 11.26184 10.72752 34.962967584
2490 2 0.0 12.66957 12.06846 36.493346754
2491 2 0.0 14.0773 10.72752 34.962967584
2492 2 0.0 15.48503 12.06846 36.493346754
2493 2 0.0 16.89276 10.72752 34.962967584
2494 2 0.0 18.30049 12.06846 36.493346754
2495 2 0.0 19.70822 10.72752 34.962967584
2496 2 0.0 21.11595 12.06846 36.493346754
2497 2 0.0 22.52368 10.72752 34.962967584
2498 2 0.0 23.93141 12.06846 36.493346754
2499 2 0.0 25.33914 10.72752 34.962967584
2500 2 0.0 26.74687 12.06846 36.493346754
2501 2 0.0 0.0 13.4094 34.962967584
2502 2 0.0 1.40773 14.75034 36.493346754
2503 2 0.0 2.81546 13.4094 34.962967584
2504 2 0.0 4.22319 14.75034 36.493346754
2505 2 0.0 5.63092 13.4094 34.962967584
2506 2 0.0 7.03865 14.75034 36.493346754
2507 2 0.0 8.44638 13.4094 34.962967584
2508 2 0.0 9.85411 14.75034 36.493346754
2509 2 0.0 11.26184 13.4094 34.962967584
2510 2 0.0 12.66957 14.75034 36.493346754
2511 2 0.0 14.0773 13.4094 34.962967584
2512 2 0.0 15.48503 14.75034 36.493346754
2513 2 0.0 16.89276 13.4094 34.962967584
2514 2 0.0 18.30049 14.75034 36.493346754
2515 2 0.0 19.70822 13.4094 34.962967584
2516 2 0.0 21.11595 14.75034 36.493346754
2517 2 0.0 22.52368 13.4094 34.962967584
2518 2 0.0 23.93141 14.75034 36.493346754
2519 2 0.0 25.33914 13.4094 34.962967584
2520 2 0.0 26.74687 14.75034 36.493346754
2521 2 0.0 0.0 16.09128 34.962967584
2522 2 0.0 1.40773 17.43222 36.493346754
2523 2 0.0 2.81546 16.09128 34.962967584
2524 2 0.0 4.22319 17.43222 36.493346754
2525 2 0.0 5.63092 16.09128 34.962967584
2526 2 0.0 7.03865 17.43222 36.493346754
2527 2 0.0 8.44638 16.09128 34.962967584
2528 2 0.0 9.85411 17.43222 36.493346754
2529 2 0.0 11.26184 16.09128 34.962967584
2530 2 0.0 12.66957 17.43222 36.493346754
2531 2 0.0 14.0773 16.09128 34.962967584
2532 2 0.0 15.48503 17.43222 36.493346754
2533 2 0.0 16.89276 16.09128 34.962967584
2534 2 0.0 18.30049 17.43222 36.493346754
2535 2 0.0 19.70822 16.09128 34.962967584
2536 2 0.0 21.11595 17.43222 36.493346754
2537 2 0.0 22.52368 16.09128 34.962967584
2538 2 0.0 23.93141 17.43222 36.493346754
2539 2 0.0 25.33914 16.09128 34.962967584
2540 2 0.0 26.74687 17.43222 36.493346754
2541 2 0.0 0.0 18.77316 34.962967584
2542 2 0.0 1.40773 20.1141 36.493346754
2543 2 0.0 2.81546 18.77316 34.962967584
2544 2 0.0 4.22319 20.1141 36.493346754
2545 2 0.0 5.63092 18.77316 34.962967584
2546 2 0.0 7.03865 20.1141 36.493346754
2547 2 0.0 8.44638 18.77316 34.962967584
2548 2 0.0 9.85411 20.1141 36.493346754
2549 2 0.0 11.26184 18.77316 34.962967584
2550 2 0.0 12.66957 20.1141 36.493346754
2551 2 0.0 14.0773 18.77316 34.962967584
2552 2 0.0 15.48503 20.1141 36.493346754
2553 2 0.0 16.89276 18.77316 34.962967584
2554 2 0.0 18.30049 20.1141 36.493346754
2555 2 0.0 19.70822 18.77316 34.962967584
2556 2 0.0 21.11595 20.1141 36.493346754
2557 2 0.0 22.52368 18.77316 34.962967584
2558 2 0.0 23.93141 20.1141 36.493346754
2559 2 0.0 25.33914 18.77316 34.962967584
2560 2 0.0 26.74687 20.1141 36.493346754
2561 2 0.0 0.0 21.45504 34.962967584
2562 2 0.0 1.40773 22.79598 36.493346754
2563 2 0.0 2.81546 21.45504 34.962967584
2564 2 0.0 4.22319 22.79598 36.493346754
2565 2 0.0 5.63092 21.45504 34.962967584
2566 2 0.0 7.03865 22.79598 36.493346754
2567 2 0.0 8.44638 21.45504 34.962967584
2568 2 0.0 9.85411 22.79598 36.493346754
2569 2 0.0 11.26184 21.45504 34.962967584
2570 2 0.0 12.66957 22.79598 36.493346754
2571 2 0.0 14.0773 21.45504 34.962967584
2572 2 0.0 15.48503 22.79598 36.493346754
2573 2 0.0 16.89276 21.45504 34.962967584
2574 2 0.0 18.30049 22.79598 36.493346754
2575 2 0.0 19.70822 21.45504 34.962967584
2576 2 0.0 21.11595 22.79598 36.493346754
2577 2 0.0 22.52368 21.45504 34.962967584
2578 2 0.0 23.93141 22.79598 36.493346754
2579 2 0.0 25.33914 21.45504 34.962967584
2580 2 0.0 26.74687 22.79598 36.493346754
2581 2 0.0 0.0 24.13692 34.962967584
2582 2 0.0 1.40773 25.47786 36.493346754
2583 2 0.0 2.81546 24.13692 34.962967584
2584 2 0.0 4.22319 25.47786 36.493346754
2585 2 0.0 5.63092 24.13692 34.962967584
2586 2 0.0 7.03865 25.47786 36.493346754
2587 2 0.0 8.44638 24.13692 34.962967584
2588 2 0.0 9.85411 25.47786 36.493346754
2589 2 0.0 11.26184 24.13692 34.962967584
2590 2 0.0 12.66957 25.47786 36.493346754
2591 2 0.0 14.0773 24.13692 34.962967584
2592 2 0.0 15.48503 25.47786 36.493346754
2593 2 0.0 16.89276 24.13692 34.962967584
2594 2 0.0 18.30049 25.47786 36.493346754
2595 2 0.0 19.70822 24.13692 34.962967584
2596 2 0.0 21.11595 25.47786 36.493346754
2597 2 0.0 22.52368 24.13692 34.962967584
2598 2 0.0 23.93141 25.47786 36.493346754
2599 2 0.0 25.33914 24.13692 34.962967584
2600 2 0.0 26.74687 25.47786 36.493346754
2601 2 0.0 0.0 0.0 38.02314951
2602 2 0.0 1.40773 1.34094 39.552952266
2603 2 0.0 2.81546 0.0 38.02314951
2604 2 0.0 4.22319 1.34094 39.552952266
2605 2 0.0 5.63092 0.0 38.02314951
2606 2 0.0 7.03865 1.34094 39.552952266
2607 2 0.0 8.44638 0.0 38.02314951
2608 2 0.0 9.85411 1.34094 39.552952266
2609 2 0.0 11.26184 0.0 38.02314951
2610 2 0.0 12.66957 1.34094 39.552952266
2611 2 0.0 14.0773 0.0 38.02314951
2612 2 0.0 15.48503 1.34094 39.552952266
2613 2 0.0 16.89276 0.0 38.02314951
2614 2 0.0 18.30049 1.34094 39.552952266
2615 2 0.0 19.70822 0.0 38.02314951
2616 2 0.0 21.11595 1.34094 39.552952266
2617 2 0.0 22.52368 0.0 38.02314951
2618 2 0.0 23.93141 1.34094 39.552952266
2619 2 0.0 25.33914 0.0 38.02314951
2620 2 0.0 26.74687 1.34094 39.552952266
2621 2 0.0 0.0 2.68188 38.02314951
2622 2 0.0 1.40773 4.02282 39.552952266
2623 2 0.0 2.81546 2.68188 38.02314951
2624 2 0.0 4.22319 4.02282 39.552952266
2625 2 0.0 5.63092 2.68188 38.02314951
2626 2 0.0 7.03865 4.02282 39.552952266
2627 2 0.0 8.44638 2.68188 38.02314951
2628 2 0.0 9.85411 4.02282 39.552952266
2629 2 0.0 11.26184 2.68188 38.02314951
2630 2 0.0 12.66957 4.02282 39.552952266
2631 2 0.0 14.0773 2.68188 38.02314951
2632 2 0.0 15.48503 4.02282 39.552952266
2633 2 0.0 16.89276 2.68188 38.02314951
2634 2 0.0 18.30049 4.02282 39.552952266
2635 2 0.0 19.70822 2.68188 38.02314951
2636 2 0.0 21.11595 4.02282 39.552952266
2637 2 0.0 22.52368 2.68188 38.02314951
2638 2 0.0 23.93141 4.02282 39.552952266
2639 2 0.0 25.33914 2.68188 38.02314951
2640 2 0.0 26.74687 4.02282 39.552952266
2641 2 0.0 0.0 5.36376 38.02314951
2642 2 0.0 1.40773 6.7047 39.552952266
2643 2 0.0 2.81546 5.36376 38.02314951
2644 2 0.0 4.22319 6.7047 39.552952266
2645 2 0.0 5.63092 5.36376 38.02314951
2646 2 0.0 7.03865 6.7047 39.552952266
2647 2 0.0 8.44638 5.36376 38.02314951
2648 2 0.0 9.85411 6.7047 39.552952266
2649 2 0.0 11.26184 5.36376 38.02314951
2650 2 0.0 12.66957 6.7047 39.552952266
2651 2 0.0 14.0773 5.36376 38.02314951
2652 2 0.0 15.48503 6.7047 39.552952266
2653 2 0.0 16.89276 5.36376 38.02314951
2654 2 0.0 18.30049 6.7047 39.552952266
2655 2 0.0 19.70822 5.36376 38.02314951
2656 2 0.0 21.11595 6.7047 39.552952266
2657 2 0.0 22.52368 5.36376 38.02314951
2658 2 0.0 23.93141 6.7047 39.552952266
2659 2 0.0 25.33914 5.36376 38.02314951
2660 2 0.0 26.74687 6.7047 39.552952266
2661 2 0.0 0.0 8.04564 38.02314951
2662 2 0.0 1.40773 9.38658 39.552952266
2663 2 0.0 2.81546 8.04564 38.02314951
2664 2 0.0 4.22319 9.38658 39.552952266
2665 2 0.0 5.63092 8.04564 38.02314951
2666 2 0.0 7.03865 9.38658 39.552952266
2667 2 0.0 8.44638 8.04564 38.02314951
2668 2 0.0 9.85411 9.38658 39.552952266
2669 2 0.0 11.26184 8.04564 38.02314951
2670 2 0.0 12.66957 9.38658 39.552952266
2671 2 0.0 14.0773 8.04564 38.02314951
2672 2 0.0 15.48503 9.38658 39.552952266
2673 2 0.0 16.89276 8.04564 38.02314951
2674 2 0.0 18.30049 9.38658 39.552952266
2675 2 0.0 19.70822 8.04564 38.02314951
2676 2 0.0 21.11595 9.38658 39.552952266
2677 2 0.0 22.52368 8.04564 38.02314951
2678 2 0.0 23.93141 9.38658 39.552952266
2679 2 0.0 25.33914 8.04564 38.02314951
2680 2 0.0 26.74687 9.38658 39.552952266
2681 2 0.0 0.0 10.72752 38.02314951
2682 2 0.0 1.40773 12.06846 39.552952266
2683 2 0.0 2.81546 10.72752 38.02314951
2684 2 0.0 4.22319 12.06846 39.552952266
2685 2 0.0 5.63092 10.72752 38.02314951
2686 2 0.0 7.03865 12.06846 39.552952266
2687 2 0.0 8.44638 10.72752 38.02314951
2688 2 0.0 9.85411 12.06846 39.552952266
2689 2 0.0 11.26184 10.72752 38.02314951
2690 2 0.0 12.66957 12.06846 39.552952266
2691 2 0.0 14.0773 10.72752 38.02314951
2692 2 0.0 15.48503 12.06846 39.552952266
2693 2 0.0 16.89276 10.72752 38.02314951
2694 2 0.0 18.30049 12.06846 39.552952266
2695 2 0.0 19.70822 10.72752 38.02314951
2696 2 0.0 21.11595 12.06846 39.552952266
2697 2 0.0 22.52368 10.72752 38.02314951
2698 2 0.0 23.93141 12.06846 39.552952266
2699 2 0.0 25.33914 10.72752 38.02314951
2700 2 0.0 26.74687 12.06846 39.552952266
2701 2 0.0 0.0 13.4094 38.02314951
2702 2 0.0 1.40773 14.75034 39.552952266
2703 2 0.0 2.81546 13.4094 38.02314951
2704 2 0.0 4.22319 14.75034 39.552952266
2705 2 0.0 5.63092 13.4094 38.02314951
2706 2 0.0 7.03865 14.75034 39.552952266
2707 2 0.0 8.44638 13.4094 38.02314951
2708 2 0.0 9.85411 14.75034 39.552952266
2709 2 0.0 11.26184 13.4094 38.02314951
2710 2 0.0 12.66957 14.75034 39.552952266
2711 2 0.0 14.0773 13.4094 38.02314951
2712 2 0.0 15.48503 14.75034 39.552952266
2713 2 0.0 16.89276 13.4094 38.02314951
2714 2 0.0 18.30049 14.75034 39.552952266
2715 2 0.0 19.70822 13.4094 38.02314951
2716 2 0.0 21.11595 14.75034 39.552952266
2717 2 0.0 22.52368 13.4094 38.02314951
2718 2 0.0 23.93141 14.75034 39.552952266
2719 2 0.0 25.33914 13.4094 38.02314951
2720 2 0.0 26.74687 14.75034 39.552952266
2721 2 0.0 0.0 16.09128 38.02314951
2722 2 0.0 1.40773 17.43222 39.552952266
2723 2 0.0 2.81546 16.09128 38.02314951
2724 2 0.0 4.22319 17.43222 39.552952266
2725 2 0.0 5.63092 16.09128 38.02314951
2726 2 0.0 7.03865 17.43222 39.552952266
2727 2 0.0 8.44638 16.09128 38.02314951
2728 2 0.0 9.85411 17.43222 39.552952266
2729 2 0.0 11.26184 16.09128 38.02314951
2730 2 0.0 12.66957 17.43222 39.552952266
2731 2 0.0 14.0773 16.09128 38.02314951
2732 2 0.0 15.48503 17.43222 39.552952266
2733 2 0.0 16.89276 16.09128 38.02314951
2734 2 0.0 18.30049 17.43222 39.552952266
2735 2 0.0 19.70822 16.09128 38.02314951
2736 2 0.0 21.11595 17.43222 39.552952266
2737 2 0.0 22.52368 16.09128 38.02314951
2738 2 0.0 23.93141 17.43222 39.552952266
2739 2 0.0 25.33914 16.09128 38.02314951
2740 2 0.0 26.74687 17.43222 39.552952266
2741 2 0.0 0.0 18.77316 38.02314951
2742 2 0.0 1.40773 20.1141 39.552952266
2743 2 0.0 2.81546 18.77316 38.02314951
2744 2 0.0 4.22319 20.1141 39.552952266
2745 2 0.0 5.63092 18.77316 38.02314951
2746 2 0.0 7.03865 20.1141 39.552952266
2747 2 0.0 8.44638 18.77316 38.02314951
2748 2 0.0 9.85411 20.1141 39.552952266
2749 2 0.0 11.26184 18.77316 38.02314951
2750 2 0.0 12.66957 20.1141 39.552952266
2751 2 0.0 14.0773 18.77316 38.02314951
2752 2 0.0 15.48503 20.1141 39.552952266
2753 2 0.0 16.89276 18.77316 38.02314951
2754 2 0.0 18.30049 20.1141 39.552952266
2755 2 0.0 19.70822 18.77316 38.02314951
2756 2 0.0 21.11595 20.1141 39.552952266
2757 2 0.0 22.52368 18.77316 38.02314951
2758 2 0.0 23.93141 20.1141 39.552952266
2759 2 0.0 25.33914 18.77316 38.02314951
2760 2 0.0 26.74687 20.1141 39.552952266
2761 2 0.0 0.0 21.45504 38.02314951
2762 2 0.0 1.40773 22.79598 39.552952266
2763 2 0.0 2.81546 21.45504 38.02314951
2764 2 0.0 4.22319 22.79598 39.552952266
2765 2 0.0 5.63092 21.45504 38.02314951
2766 2 0.0 7.03865 22.79598 39.552952266
2767 2 0.0 8.44638 21.45504 38.02314951
2768 2 0.0 9.85411 22.79598 39.552952266
2769 2 0.0 11.26184 21.45504 38.02314951
2770 2 0.0 12.66957 22.79598 39.552952266
2771 2 0.0 14.0773 21.45504 38.02314951
2772 2 0.0 15.48503 22.79598 39.552952266
2773 2 0.0 16.89276 21.45504 38.02314951
2774 2 0.0 18.30049 22.79598 39.552952266
2775 2 0.0 19.70822 21.45504 38.02314951
2776 2 0.0 21.11595 22.79598 39.552952266
2777 2 0.0 22.52368 21.45504 38.02314951
2778 2 0.0 23.93141 22.79598 39.552952266
2779 2 0.0 25.33914 21.45504 38.02314951
2780 2 0.0 26.74687 22.79598 39.552952266
2781 2 0.0 0.0 24.13692 38.02314951
2782 2 0.0 1.40773 25.47786 39.552952266
2783 2 0.0 2.81546 24.13692 38.02314951
2784 2 0.0 4.22319 25.47786 39.552952266
2785 2 0.0 5.63092 24.13692 38.02314951
2786 2 0.0 7.03865 25.47786 39.552952266
2787 2 0.0 8.44638 24.13692 38.02314951
2788 2 0.0 9.85411 25.47786 39.552952266
2789 2 0.0 11.26184 24.13692 38.02314951
2790 2 0.0 12.66957 25.47786 39.552952266
2791 2 0.0 14.0773 24.13692 38.02314951
2792 2 0.0 15.48503 25.47786 39.552952266
2793 2 0.0 16.89276 24.13692 38.02314951
2794 2 0.0 18.30049 25.47786 39.552952266
2795 2 0.0 19.70822 24.13692 38.02314951
2796 2 0.0 21.11595 25.47786 39.552952266
2797 2 0.0 22.52368 24.13692 38.02314951
2798 2 0.0 23.93141 25.47786 39.552952266
2799 2 0.0 25.33914 24.13692 38.02314951
2800 2 0.0 26.74687 25.47786 39.552952266
2801 2 0.0 0.0 0.0 41.082755022
2802 2 0.0 1.40773 1.34094 42.612557778
2803 2 0.0 2.81546 0.0 41.082755022
2804 2 0.0 4.22319 1.34094 42.612557778
2805 2 0.0 5.63092 0.0 41.082755022
2806 2 0.0 7.03865 1.34094 42.612557778
2807 2 0.0 8.44638 0.0 41.082755022
2808 2 0.0 9.85411 1.34094 42.612557778
2809 2 0.0 11.26184 0.0 41.082755022
2810 2 0.0 12.66957 1.34094 42.612557778
2811 2 0.0 14.0773 0.0 41.082755022
2812 2 0.0 15.48503 1.34094 42.612557778
2813 2 0.0 16.89276 0.0 41.082755022
2814 2 0.0 18.30049 1.34094 42.612557778
2815 2 0.0 19.70822 0.0 41.082755022
2816 2 0.0 21.11595 1.34094 42.612557778
2817 2 0.0 22.52368 0.0 41.082755022
2818 2 0.0 23.93141 1.34094 42.612557778
2819 2 0.0 25.33914 0.0 41.082755022
2820 2 0.0 26.74687 1.34094 42.612557778
2821 2 0.0 0.0 2.68188 41.082755022
2822 2 0.0 1.40773 4.02282 42.612557778
2823 2 0.0 2.81546 2.68188 41.082755022
2824 2 0.0 4.22319 4.02282 42.612557778
2825 2 0.0 5.63092 2.68188 41.082755022
2826 2 0.0 7.03865 4.02282 42.612557778
2827 2 0.0 8.44638 2.68188 41.082755022
2828 2 0.0 9.85411 4.02282 42.612557778
2829 2 0.0 11.26184 2.68188 41.082755022
2830 2 0.0 12.66957 4.02282 42.612557778
2831 2 0.0 14.0773 2.68188 41.082755022
2832 2 0.0 15.48503 4.02282 42.612557778
2833 2 0.0 16.89276 2.68188 41.082755022
2834 2 0.0 18.30049 4.02282 42.612557778
2835 2 0.0 19.70822 2.68188 41.082755022
2836 2 0.0 21.11595 4.02282 42.612557778
2837 2 0.0 22.52368 2.68188 41.082755022
2838 2 0.0 23.93141 4.02282 42.612557778
2839 2 0.0 25.33914 2.68188 41.082755022
2840 2 0.0 26.74687 4.02282 42.612557778
2841 2 0.0 0.0 5.36376 41.082755022
2842 2 0.0 1.40773 6.7047 42.612557778
2843 2 0.0 2.81546 5.36376 41.082755022
2844 2 0.0 4.22319 6.7047 42.612557778
2845 2 0.0 5.63092 5.36376 41.082755022
2846 2 0.0 7.03865 6.7047 42.612557778
2847 2 0.0 8.44638 5.36376 41.082755022
2848 2 0.0 9.85411 6.7047 42.612557778
2849 2 0.0 11.26184 5.36376 41.082755022
2850 2 0.0 12.66957 6.7047 42.612557778
2851 2 0.0 14.0773 5.36376 41.082755022
2852 2 0.0 15.48503 6.7047 42.612557778
2853 2 0.0 16.89276 5.36376 41.082755022
2854 2 0.0 18.30049 6.7047 42.612557778
2855 2 0.0 19.70822 5.36376 41.082755022
2856 2 0.0 21.11595 6.7047 42.612557778
2857 2 0.0 22.52368 5.36376 41.082755022
2858 2 0.0 23.93141 6.7047 42.612557778
2859 2 0.0 25.33914 5.36376 41.082755022
2860 2 0.0 26.74687 6.7047 42.612557778
2861 2 0.0 0.0 8.04564 41.082755022
2862 2 0.0 1.40773 9.38658 42.612557778
2863 2 0.0 2.81546 8.04564 41.082755022
2864 2 0.0 4.22319 9.38658 42.612557778
2865 2 0.0 5.63092 8.04564 41.082755022
2866 2 0.0 7.03865 9.38658 42.612557778
2867 2 0.0 8.44638 8.04564 41.082755022
2868 2 0.0 9.85411 9.38658 42.612557778
2869 2 0.0 11.26184 8.04564 41.082755022
2870 2 0.0 12.66957 9.38658 42.612557778
2871 2 0.0 14.0773 8.04564 41.082755022
2872 2 0.0 15.48503 9.38658 42.612557778
2873 2 0.0 16.89276 8.04564 41.082755022
2874 2 0.0 18.30049 9.38658 42.612557778
2875 2 0.0 19.70822 8.04564 41.082755022
2876 2 0.0 21.11595 9.38658 42.612557778
2877 2 0.0 22.52368 8.04564 41.082755022
2878 2 0.0 23.93141 9.38658 42.612557778
2879 2 0.0 25.33914 8.04564 41.082755022
2880 2 0.0 26.74687 9.38658 42.612557778
2881 2 0.0 0.0 10.72752 41.082755022
2882 2 0.0 1.40773 12.06846 42.612557778
2883 2 0.0 2.81546 10.72752 41.082755022
2884 2 0.0 4.22319 12.06846 42.612557778
2885 2 0.0 5.63092 10.72752 41.082755022
2886 2 0.0 7.03865 12.06846 42.612557778
2887 2 0.0 8.44638 10.72752 41.082755022
2888 2 0.0 9.85411 12.06846 42.612557778
2889 2 0.0 11.26184 10.72752 41.082755022
2890 2 0.0 12.66957 12.06846 42.612557778
2891 2 0.0 14.0773 10.72752 41.082755022
2892 2 0.0 15.48503 12.06846 42.612557778
2893 2 0.0 16.89276 10.72752 41.082755022
2894 2 0.0 18.30049 12.06846 42.612557778
2895 2 0.0 19.70822 10.72752 41.082755022
2896 2 0.0 21.11595 12.06846 42.612557778
2897 2 0.0 22.52368 10.72752 41.082755022
2898 2 0.0 23.93141 12.06846 42.612557778
2899 2 0.0 25.33914 10.72752 41.082755022
2900 2 0.0 26.74687 12.06846 42.612557778
2901 2 0.0 0.0 13.4094 41.082755022
2902 2 0.0 1.40773 14.75034 42.612557778
2903 2 0.0 2.81546 13.4094 41.082755022
2904 2 0.0 4.22319 14.75034 42.612557778
2905 2 0.0 5.63092 13.4094 41.082755022
2906 2 0.0 7.03865 14.75034 42.612557778
2907 2 0.0 8.44638 13.4094 41.082755022
2908 2 0.0 9.85411 14.75034 42.612557778
2909 2 0.0 11.26184 13.4094 41.082755022
2910 2 0.0 12.66957 14.75034 42.612557778
2911 2 0.0 14.0773 13.4094 41.082755022
2912 2 0.0 15.48503 14.75034 42.612557778
2913 2 0.0 16.89276 13.4094 41.082755022
2914 2 0.0 18.30049 14.75034 42.612557778
2915 2 0.0 19.70822 13.4094 41.082755022
2916 2 0.0 21.11595 14.75034 42.612557778
2917 2 0.0 22.52368 13.4094 41.082755022
2918 2 0.0 23.93141 14.75034 42.612557778
2919 2 0.0 25.33914 13.4094 41.082755022
2920 2 0.0 26.74687 14.75034 42.612557778
2921 2 0.0 0.0 16.09128 41.082755022
2922 2 0.0 1.40773 17.43222 42.612557778
2923 2 0.0 2.81546 16.09128 41.082755022
2924 2 0.0 4.22319 17.43222 42.612557778
2925 2 0.0 5.63092 16.09128 41.082755022
2926 2 0.0 7.03865 17.43222 42.612557778
2927 2 0.0 8.44638 16.09128 41.082755022
2928 2 0.0 9.85411 17.43222 42.612557778
2929 2 0.0 11.26184 16.09128 41.082755022
2930 2 0.0 12.66957 17.43222 42.612557778
2931 2 0.0 14.0773 16.09128 41.082755022
2932 2 0.0 15.48503 17.43222 42.612557778
2933 2 0.0 16.89276 16.09128 41.082755022
2934 2 0.0 18.30049 17.43222 42.612557778
2935 2 0.0 19.70822 16.09128 41.082755022
2936 2 0.0 21.11595 17.43222 42.612557778
2937 2 0.0 22.52368 16.09128 41.082755022
2938 2 0.0 23.93141 17.43222 42.612557778
2939 2 0.0 25.33914 16.09128 41.082755022
2940 2 0.0 26.74687 17.43222 42.612557778
2941 2 0.0 0.0 18.77316 41.082755022
2942 2 0.0 1.40773 20.1141 42.612557778
2943 2 0.0 2.81546 18.77316 41.082755022
2944 2 0.0 4.22319 20.1141 42.612557778
2945 2 0.0 5.63092 18.77316 41.082755022
2946 2 0.0 7.03865 20.1141 42.612557778
2947 2 0.0 8.44638 18.77316 41.082755022
2948 2 0.0 9.85411 20.1141 42.612557778
2949 2 0.0 11.26184 18.77316 41.082755022
2950 2 0.0 12.66957 20.1141 42.612557778
2951 2 0.0 14.0773 18.77316 41.082755022
2952 2 0.0 15.48503 20.1141 42.612557778
2953 2 0.0 16.89276 18.77316 41.082755022
2954 2 0.0 18.30049 20.1141 42.612557778
2955 2 0.0 19.70822 18.77316 41.082755022
2956 2 0.0 21.11595 20.1141 42.612557778
2957 2 0.0 22.52368 18.77316 41.082755022
2958 2 0.0 23.93141 20.1141 42.612557778
2959 2 0.0 25.33914 18.77316 41.082755022
2960 2 0.0 26.74687 20.1141 42.612557778
2961 2 0.0 0.0 21.45504 41.082755022
2962 2 0.0 1.40773 22.79598 42.612557778
2963 2 0.0 2.81546 21.45504 41.082755022
2964 2 0.0 4.22319 22.79598 42.612557778
2965 2 0.0 5.63092 21.45504 41.082755022
2966 2 0.0 7.03865 22.79598 42.612557778
2967 2 0.0 8.44638 21.45504 41.082755022
2968 2 0.0 9.85411 22.79598 42.612557778
2969 2 0.0 11.26184 21.45504 41.082755022
2970 2 0.0 12.66957 22.79598 42.612557778
2971 2 0.0 14.0773 21.45504 41.082755022
2972 2 0.0 15.48503 22.79598 42.612557778
2973 2 0.0 16.89276 21.45504 41.082755022
2974 2 0.0 18.30049 22.79598 42.612557778
2975 2 0.0 19.70822 21.45504 41.082755022
2976 2 0.0 21.11595 22.79598 42.612557778
2977 2 0.0 22.52368 21.45504 41.082755022
2978 2 0.0 23.93141 22.79598 42.612557778
2979 2 0.0 25.33914 21.45504 41.082755022
2980 2 0.0 26.74687 22.79598 42.612557778
2981 2 0.0 0.0 24.13692 41.082755022
2982 2 0.0 1.40773 25.47786 42.612557778
2983 2 0.0 2.81546 24.13692 41.082755022
2984 2 0.0 4.22319 25.47786 42.612557778
2985 2 0.0 5.63092 24.13692 41.082755022
2986 2 0.0 7.03865 25.47786 42.612557778
2987 2 0.0 8.44638 24.13692 41.082755022
2988 2 0.0 9.85411 25.47786 42.612557778
2989 2 0.0 11.26184 24.13692 41.082755022
2990 2 0.0 12.66957 25.47786 42.612557778
2991 2 0.0 14.0773 24.13692 41.082755022
2992 2 0.0 15.48503 25.47786 42.612557778
2993 2 0.0 16.89276 24.13692 41.082755022
2994 2 0.0 18.30049 25.47786 42.612557778
2995 2 0.0 19.70822 24.13692 41.082755022
2996 2 0.0 21.11595 25.47786 42.612557778
2997 2 0.0 22.52368 24.13692 41.082755022
2998 2 0.0 23.93141 25.47786 42.612557778
2999 2 0.0 25.33914 24.13692 41.082755022
3000 2 0.0 26.74687 25.47786 42.612557778
3001 2 0.0 0.0 0.0 44.142360534
3002 2 0.0 1.40773 1.34094 45.67216329
3003 2 0.0 2.81546 0.0 44.142360534
3004 2 0.0 4.22319 1.34094 45.67216329
3005 2 0.0 5.63092 0.0 44.142360534
3006 2 0.0 7.03865 1.34094 45.67216329
3007 2 0.0 8.44638 0.0 44.142360534
3008 2 0.0 9.85411 1.34094 45.67216329
3009 2 0.0 11.26184 0.0 44.142360534
3010 2 0.0 12.66957 1.34094 45.67216329
3011 2 0.0 14.0773 0.0 44.142360534
3012 2 0.0 15.48503 1.34094 45.67216329
3013 2 0.0 16.89276 0.0 44.142360534
3014 2 0.0 18.30049 1.34094 45.67216329
3015 2 0.0 19.70822 0.0 44.142360534
3016 2 0.0 21.11595 1.34094 45.67216329
3017 2 0.0 22.52368 0.0 44.142360534
3018 2 0.0 23.93141 1.34094 45.67216329
3019 2 0.0 25.33914 0.0 44.142360534
3020 2 0.0 26.74687 1.34094 45.67216329
3021 2 0.0 0.0 2.68188 44.142360534
3022 2 0.0 1.40773 4.02282 45.67216329
3023 2 0.0 2.81546 2.68188 44.142360534
3024 2 0.0 4.22319 4.02282 45.67216329
3025 2 0.0 5.63092 2.68188 44.142360534
3026 2 0.0 7.03865 4.02282 45.67216329
3027 2 0.0 8.44638 2.68188 44.142360534
3028 2 0.0 9.85411 4.02282 45.67216329
3029 2 0.0 11.26184 2.68188 44.142360534
3030 2 0.0 12.66957 4.02282 45.67216329
3031 2 0.0 14.0773 2.68188 44.142360534
3032 2 0.0 15.48503 4.02282 45.67216329
3033 2 0.0 16.89276 2.68188 44.142360534
3034 2 0.0 18.30049 4.02282 45.67216329
3035 2 0.0 19.70822 2.68188 44.142360534
3036 2 0.0 21.11595 4.02282 45.67216329
3037 2 0.0 22.52368 2.68188 44.142360534
3038 2 0.0 23.93141 4.02282 45.67216329
3039 2 0.0 25.33914 2.68188 44.142360534
3040 2 0.0 26.74687 4.02282 45.67216329
3041 2 0.0 0.0 5.36376 44.142360534
3042 2 0.0 1.40773 6.7047 45.67216329
3043 2 0.0 2.81546 5.36376 44.142360534
3044 2 0.0 4.22319 6.7047 45.67216329
3045 2 0.0 5.63092 5.36376 44.142360534
3046 2 0.0 7.03865 6.7047 45.67216329
3047 2 0.0 8.44638 5.36376 44.142360534
3048 2 0.0 9.85411 6.7047 45.67216329
3049 2 0.0 11.26184 5.36376 44.142360534
3050 2 0.0 12.66957 6.7047 45.67216329
3051 2 0.0 14.0773 5.36376 44.142360534
3052 2 0.0 15.48503 6.7047 45.67216329
3053 2 0.0 16.89276 5.36376 44.142360534
3054 2 0.0 18.30049 6.7047 45.67216329
3055 2 0.0 19.70822 5.36376 44.142360534
3056 2 0.0 21.11595 6.7047 45.67216329
3057 2 0.0 22.52368 5.36376 44.142360534
3058 2 0.0 23.93141 6.7047 45.67216329
3059 2 0.0 25.33914 5.36376 44.142360534
3060 2 0.0 26.74687 6.7047 45.67216329
3061 2 0.0 0.0 8.04564 44.142360534
3062 2 0.0 1.40773 9.38658 45.67216329
3063 2 0.0 2.81546 8.04564 44.142360534
3064 2 0.0 4.22319 9.38658 45.67216329
3065 2 0.0 5.63092 8.04564 44.142360534
3066 2 0.0 7.03865 9.38658 45.67216329
3067 2 0.0 8.44638 8.04564 44.142360534
3068 2 0.0 9.85411 9.38658 45.67216329
3069 2 0.0 11.26184 8.04564 44.142360534
3070 2 0.0 12.66957 9.38658 45.67216329
3071 2 0.0 14.0773 8.04564 44.142360534
3072 2 0.0 15.48503 9.38658 45.67216329
3073 2 0.0 16.89276 8.04564 44.142360534
3074 2 0.0 18.30049 9.38658 45.67216329
3075 2 0.0 19.70822 8.04564 44.142360534
3076 2 0.0 21.11595 9.38658 45.67216329
3077 2 0.0 22.52368 8.04564 44.142360534
3078 2 0.0 23.93141 9.38658 45.67216329
3079 2 0.0 25.33914 8.04564 44.142360534
3080 2 0.0 26.74687 9.38658 45.67216329
3081 2 0.0 0.0 10.72752 44.142360534
3082 2 0.0 1.40773 12.06846 45.67216329
3083 2 0.0 2.81546 10.72752 44.142360534
3084 2 0.0 4.22319 12.06846 45.67216329
3085 2 0.0 5.63092 10.72752 44.142360534
3086 2 0.0 7.03865 12.06846 45.67216329
3087 2 0.0 8.44638 10.72752 44.142360534
3088 2 0.0 9.85411 12.06846 45.67216329
3089 2 0.0 11.26184 10.72752 44.142360534
3090 2 0.0 12.66957 12.06846 45.67216329
3091 2 0.0 14.0773 10.72752 44.142360534
3092 2 0.0 15.48503 12.06846 45.67216329
3093 2 0.0 16.89276 10.72752 44.142360534
3094 2 0.0 18.30049 12.06846 45.67216329
3095 2 0.0 19.70822 10.72752 44.142360534
3096 2 0.0 21.11595 12.06846 45.67216329
3097 2 0.0 22.52368 10.72752 44.142360534
3098 2 0.0 23.93141 12.06846 45.67216329
3099 2 0.0 25.33914 10.72752 44.142360534
3100 2 0.0 26.74687 12.06846 45.67216329
3101 2 0.0 0.0 13.4094 44.142360534
3102 2 0.0 1.40773 14.75034 45.67216329
3103 2 0.0 2.81546 13.4094 44.142360534
3104 2 0.0 4.22319 14.75034 45.67216329
3105 2 0.0 5.63092 13.4094 44.142360534
3106 2 0.0 7.03865 14.75034 45.67216329
3107 2 0.0 8.44638 13.4094 44.142360534
3108 2 0.0 9.85411 14.75034 45.67216329
3109 2 0.0 11.26184 13.4094 44.142360534
3110 2 0.0 12.66957 14.75034 45.67216329
3111 2 0.0 14.0773 13.4094 44.142360534
3112 2 0.0 15.48503 14.75034 45.67216329
3113 2 0.0 16.89276 13.4094 44.142360534
3114 2 0.0 18.30049 14.75034 45.67216329
3115 2 0.0 19.70822 13.4094 44.142360534
3116 2 0.0 21.11595 14.75034 45.67216329
3117 2 0.0 22.52368 13.4094 44.142360534
3118 2 0.0 23.93141 14.75034 45.67216329
3119 2 0.0 25.33914 13.4094 44.142360534
3120 2 0.0 26.74687 14.75034 45.67216329
3121 2 0.0 0.0 16.09128 44.142360534
3122 2 0.0 1.40773 17.43222 45.67216329
3123 2 0.0 2.81546 16.09128 44.142360534
3124 2 0.0 4.22319 17.43222 45.67216329
3125 2 0.0 5.63092 16.09128 44.142360534
3126 2 0.0 7.03865 17.43222 45.67216329
3127 2 0.0 8.44638 16.09128 44.142360534
3128 2 0.0 9.85411 17.43222 45.67216329
3129 2 0.0 11.26184 16.09128 44.142360534
3130 2 0.0 12.66957 17.43222 45.67216329
3131 2 0.0 14.0773 16.09128 44.142360534
3132 2 0.0 15.48503 17.43222 45.67216329
3133 2 0.0 16.89276 16.09128 44.142360534
3134 2 0.0 18.30049 17.43222 45.67216329
3135 2 0.0 19.70822 16.09128 44.142360534
3136 2 0.0 21.11595 17.43222 45.67216329
3137 2 0.0 22.52368 16.09128 44.142360534
3138 2 0.0 23.93141 17.43222 45.67216329
3139 2 0.0 25.33914 16.09128 44.142360534
3140 2 0.0 26.74687 17.43222 45.67216329
3141 2 0.0 0.0 18.77316 44.142360534
3142 2 0.0 1.40773 20.1141 45.67216329
3143 2 0.0 2.81546 18.77316 44.142360534
3144 2 0.0 4.22319 20.1141 45.67216329
3145 2 0.0 5.63092 18.77316 44.142360534
3146 2 0.0 7.03865 20.1141 45.67216329
3147 2 0.0 8.44638 18.77316 44.142360534
3148 2 0.0 9.85411 20.1141 45.67216329
3149 2 0.0 11.26184 18.77316 44.142360534
3150 2 0.0 12.66957 20.1141 45.67216329
3151 2 0.0 14.0773 18.77316 44.142360534
3152 2 0.0 15.48503 20.1141 45.67216329
3153 2 0.0 16.89276 18.77316 44.142360534
3154 2 0.0 18.30049 20.1141 45.67216329
3155 2 0.0 19.70822 18.77316 44.142360534
3156 2 0.0 21.11595 20.1141 45.67216329
3157 2 0.0 22.52368 18.77316 44.142360534
3158 2 0.0 23.93141 20.1141 45.67216329
3159 2 0.0 25.33914 18.77316 44.142360534
3160 2 0.0 26.74687 20.1141 45.67216329
3161 2 0.0 0.0 21.45504 44.142360534
3162 2 0.0 1.40773 22.79598 45.67216329
3163 2 0.0 2.81546 21.45504 44.142360534
3164 2 0.0 4.22319 22.79598 45.67216329
3165 2 0.0 5.63092 21.45504 44.142360534
3166 2 0.0 7.03865 22.79598 45.67216329
3167 2 0.0 8.44638 21.45504 44.142360534
3168 2 0.0 9.85411 22.79598 45.67216329
3169 2 0.0 11.26184 21.45504 44.142360534
3170 2 0.0 12.66957 22.79598 45.67216329
3171 2 0.0 14.0773 21.45504 44.142360534
3172 2 0.0 15.48503 22.79598 45.67216329
3173 2 0.0 16.89276 21.45504 44.142360534
3174 2 0.0 18.30049 22.79598 45.67216329
3175 2 0.0 19.70822 21.45504 44.142360534
3176 2 0.0 21.11595 22.79598 45.67216329
3177 2 0.0 22.52368 21.45504 44.142360534
3178 2 0.0 23.93141 22.79598 45.67216329
3179 2 0.0 25.33914 21.45504 44.142360534
3180 2 0.0 26.74687 22.79598 45.67216329
3181 2 0.0 0.0 24.13692 44.142360534
3182 2 0.0 1.40773 25.47786 45.67216329
3183 2 0.0 2.81546 24.13692 44.142360534
3184 2 0.0 4.22319 25.47786 45.67216329
3185 2 0.0 5.63092 24.13692 44.142360534
3186 2 0.0 7.03865 25.47786 45.67216329
3187 2 0.0 8.44638 24.13692 44.142360534
3188 2 0.0 9.85411 25.47786 45.67216329
3189 2 0.0 11.26184 24.13692 44.142360534
3190 2 0.0 12.66957 25.47786 45.67216329
3191 2 0.0 14.0773 24.13692 44.142360534
3192 2 0.0 15.48503 25.47786 45.67216329
3193 2 0.0 16.89276 24.13692 44.142360534
3194 2 0.0 18.30049 25.47786 45.67216329
3195 2 0.0 19.70822 24.13692 44.142360534
3196 2 0.0 21.11595 25.47786 45.67216329
3197 2 0.0 22.52368 24.13692 44.142360534
3198 2 0.0 23.93141 25.47786 45.67216329
3199 2 0.0 25.33914 24.13692 44.142360534
3200 2 0.0 26.74687 25.47786 45.67216329
3201 2 0.0 0.0 0.0 47.201966046
3202 2 0.0 1.40773 1.34094 48.731768802
3203 2 0.0 2.81546 0.0 47.201966046
3204 2 0.0 4.22319 1.34094 48.731768802
3205 2 0.0 5.63092 0.0 47.201966046
3206 2 0.0 7.03865 1.34094 48.731768802
3207 2 0.0 8.44638 0.0 47.201966046
3208 2 0.0 9.85411 1.34094 48.731768802
3209 2 0.0 11.26184 0.0 47.201966046
3210 2 0.0 12.66957 1.34094 48.731768802
3211 2 0.0 14.0773 0.0 47.201966046
3212 2 0.0 15.48503 1.34094 48.731768802
3213 2 0.0 16.89276 0.0 47.201966046
3214 2 0.0 18.30049 1.34094 48.731768802
3215 2 0.0 19.70822 0.0 47.201966046
3216 2 0.0 21.11595 1.34094 48.731768802
3217 2 0.0 22.52368 0.0 47.201966046
3218 2 0.0 23.93141 1.34094 48.731768802
3219 2 0.0 25.33914 0.0 47.201966046
3220 2 0.0 26.74687 1.34094 48.731768802
3221 2 0.0 0.0 2.68188 47.201966046
3222 2 0.0 1.40773 4.02282 48.731768802
3223 2 0.0 2.81546 2.68188 47.201966046
3224 2 0.0 4.22319 4.02282 48.731768802
3225 2 0.0 5.63092 2.68188 47.201966046
3226 2 0.0 7.03865 4.02282 48.731768802
3227 2 0.0 8.44638 2.68188 47.201966046
3228 2 0.0 9.85411 4.02282 48.731768802
3229 2 0.0 11.26184 2.68188 47.201966046
3230 2 0.0 12.66957 4.02282 48.731768802
3231 2 0.0 14.0773 2.68188 47.201966046
3232 2 0.0 15.48503 4.02282 48.731768802
3233 2 0.0 16.89276 2.68188 47.201966046
3234 2 0.0 18.30049 4.02282 48.731768802
3235 2 0.0 19.70822 2.68188 47.201966046
3236 2 0.0 21.11595 4.02282 48.731768802
3237 2 0.0 22.52368 2.68188 47.201966046
3238 2 0.0 23.93141 4.02282 48.731768802
3239 2 0.0 25.33914 2.68188 47.201966046
3240 2 0.0 26.74687 4.02282 48.731768802
3241 2 0.0 0.0 5.36376 47.201966046
3242 2 0.0 1.40773 6.7047 48.731768802
3243 2 0.0 2.81546 5.36376 47.201966046
3244 2 0.0 4.22319 6.7047 48.731768802
3245 2 0.0 5.63092 5.36376 47.201966046
3246 2 0.0 7.03865 6.7047 48.731768802
3247 2 0.0 8.44638 5.36376 47.201966046
3248 2 0.0 9.85411 6.7047 48.731768802
3249 2 0.0 11.26184 5.36376 47.201966046
3250 2 0.0 12.66957 6.7047 48.731768802
3251 2 0.0 14.0773 5.36376 47.201966046
3252 2 0.0 15.48503 6.7047 48.731768802
3253 2 0.0 16.89276 5.36376 47.201966046
3254 2 0.0 18.30049 6.7047 48.731768802
3255 2 0.0 19.70822 5.36376 47.201966046
3256 2 0.0 21.11595 6.7047 48.731768802
3257 2 0.0 22.52368 5.36376 47.201966046
3258 2 0.0 23.93141 6.7047 48.731768802
3259 2 0.0 25.33914 5.36376 47.201966046
3260 2 0.0 26.74687 6.7047 48.731768802
3261 2 0.0 0.0 8.04564 47.201966046
3262 2 0.0 1.40773 9.38658 48.731768802
3263 2 0.0 2.81546 8.04564 47.201966046
3264 2 0.0 4.22319 9.38658 48.731768802
3265 2 0.0 5.63092 8.04564 47.201966046
3266 2 0.0 7.03865 9.38658 48.731768802
3267 2 0.0 8.44638 8.04564 47.201966046
3268 2 0.0 9.85411 9.38658 48.731768802
3269 2 0.0 11.26184 8.04564 47.201966046
3270 2 0.0 12.66957 9.38658 48.731768802
3271 2 0.0 14.0773 8.04564 47.201966046
3272 2 0.0 15.48503 9.38658 48.731768802
3273 2 0.0 16.89276 8.04564 47.201966046
3274 2 0.0 18.30049 9.38658 48.731768802
3275 2 0.0 19.70822 8.04564 47.201966046
3276 2 0.0 21.11595 9.38658 48.731768802
3277 2 0.0 22.52368 8.04564 47.201966046
3278 2 0.0 23.93141 9.38658 48.731768802
3279 2 0.0 25.33914 8.04564 47.201966046
3280 2 0.0 26.74687 9.38658 48.731768802
3281 2 0.0 0.0 10.72752 47.201966046
3282 2 0.0 1.40773 12.06846 48.731768802
3283 2 0.0 2.81546 10.72752 47.201966046
3284 2 0.0 4.22319 12.06846 48.731768802
3285 2 0.0 5.63092 10.72752 47.201966046
3286 2 0.0 7.03865 12.06846 48.731768802
3287 2 0.0 8.44638 10.72752 47.201966046
3288 2 0.0 9.85411 12.06846 48.731768802
3289 2 0.0 11.26184 10.72752 47.201966046
3290 2 0.0 12.66957 12.06846 48.731768802
3291 2 0.0 14.0773 10.72752 47.201966046
3292 2 0.0 15.48503 12.06846 48.731768802
3293 2 0.0 16.89276 10.72752 47.201966046
3294 2 0.0 18.30049 12.06846 48.731768802
3295 2 0.0 19.70822 10.72752 47.201966046
3296 2 0.0 21.11595 12.06846 48.731768802
3297 2 0.0 22.52368 10.72752 47.201966046
3298 2 0.0 23.93141 12.06846 48.731768802
3299 2 0.0 25.33914 10.72752 47.201966046
3300 2 0.0 26.74687 12.06846 48.731768802
3301 2 0.0 0.0 13.4094 47.201966046
3302 2 0.0 1.40773 14.75034 48.731768802
3303 2 0.0 2.81546 13.4094 47.201966046
3304 2 0.0 4.22319 14.75034 48.731768802
3305 2 0.0 5.63092 13.4094 47.201966046
3306 2 0.0 7.03865 14.75034 48.731768802
3307 2 0.0 8.44638 13.4094 47.201966046
3308 2 0.0 9.85411 14.75034 48.731768802
3309 2 0.0 11.26184 13.4094 47.201966046
3310 2 0.0 12.66957 14.75034 48.731768802
3311 2 0.0 14.0773 13.4094 47.201966046
3312 2 0.0 15.48503 14.75034 48.731768802
3313 2 0.0 16.89276 13.4094 47.201966046
3314 2 0.0 18.30049 14.75034 48.731768802
3315 2 0.0 19.70822 13.4094 47.201966046
3316 2 0.0 21.11595 14.75034 48.731768802
3317 2 0.0 22.52368 13.4094 47.201966046
3318 2 0.0 23.93141 14.75034 48.731768802
3319 2 0.0 25.33914 13.4094 47.201966046
3320 2 0.0 26.74687 14.75034 48.731768802
3321 2 0.0 0.0 16.09128 47.201966046
3322 2 0.0 1.40773 17.43222 48.731768802
3323 2 0.0 2.81546 16.09128 47.201966046
3324 2 0.0 4.22319 17.43222 48.731768802
3325 2 0.0 5.63092 16.09128 47.201966046
3326 2 0.0 7.03865 17.43222 48.731768802
3327 2 0.0 8.44638 16.09128 47.201966046
3328 2 0.0 9.85411 17.43222 48.731768802
3329 2 0.0 11.26184 16.09128 47.201966046
3330 2 0.0 12.66957 17.43222 48.731768802
3331 2 0.0 14.0773 16.09128 47.201966046
3332 2 0.0 15.48503 17.43222 48.731768802
3333 2 0.0 16.89276 16.09128 47.201966046
3334 2 0.0 18.30049 17.43222 48.731768802
3335 2 0.0 19.70822 16.09128 47.201966046
3336 2 0.0 21.11595 17.43222 48.731768802
3337 2 0.0 22.52368 16.09128 47.201966046
3338 2 0.0 23.93141 17.43222 48.731768802
3339 2 0.0 25.33914 16.09128 47.201966046
3340 2 0.0 26.74687 17.43222 48.731768802
3341 2 0.0 0.0 18.77316 47.201966046
3342 2 0.0 1.40773 20.1141 48.731768802
3343 2 0.0 2.81546 18.77316 47.201966046
3344 2 0.0 4.22319 20.1141 48.731768802
3345 2 0.0 5.63092 18.77316 47.201966046
3346 2 0.0 7.03865 20.1141 48.731768802
3347 2 0.0 8.44638 18.77316 47.201966046
3348 2 0.0 9.85411 20.1141 48.731768802
3349 2 0.0 11.26184 18.77316 47.201966046
3350 2 0.0 12.66957 20.1141 48.731768802
3351 2 0.0 14.0773 18.77316 47.201966046
3352 2 0.0 15.48503 20.1141 48.731768802
3353 2 0.0 16.89276 18.77316 47.201966046
3354 2 0.0 18.30049 20.1141 48.731768802
3355 2 0.0 19.70822 18.77316 47.201966046
3356 2 0.0 21.11595 20.1141 48.731768802
3357 2 0.0 22.52368 18.77316 47.201966046
3358 2 0.0 23.93141 20.1141 48.731768802
3359 2 0.0 25.33914 18.77316 47.201966046
3360 2 0.0 26.74687 20.1141 48.731768802
3361 2 0.0 0.0 21.45504 47.201966046
3362 2 0.0 1.40773 22.79598 48.731768802
3363 2 0.0 2.81546 21.45504 47.201966046
3364 2 0.0 4.22319 22.79598 48.731768802
3365 2 0.0 5.63092 21.45504 47.201966046
3366 2 0.0 7.03865 22.79598 48.731768802
3367 2 0.0 8.44638 21.45504 47.201966046
3368 2 0.0 9.85411 22.79598 48.731768802
3369 2 0.0 11.26184 21.45504 47.201966046
3370 2 0.0 12.66957 22.79598 48.731768802
3371 2 0.0 14.0773 21.45504 47.201966046
3372 2 0.0 15.48503 22.79598 48.731768802
3373 2 0.0 16.89276 21.45504 47.201966046
3374 2 0.0 18.30049 22.79598 48.731768802
3375 2 0.0 19.70822 21.45504 47.201966046
3376 2 0.0 21.11595 22.79598 48.731768802
3377 2 0.0 22.52368 21.45504 47.201966046
3378 2 0.0 23.93141 22.79598 48.731768802
3379 2 0.0 25.33914 21.45504 47.201966046
3380 2 0.0 26.74687 22.79598 48.731768802
3381 2 0.0 0.0 24.13692 47.201966046
3382 2 0.0 1.40773 25.47786 48.731768802
3383 2 0.0 2.81546 24.13692 47.201966046
3384 2 0.0 4.22319 25.47786 48.731768802
3385 2 0.0 5.63092 24.13692 47.201966046
3386 2 0.0 7.03865 25.47786 48.731768802
3387 2 0.0 8.44638 24.13692 47.201966046
3388 2 0.0 9.85411 25.47786 48.731768802
3389 2 0.0 11.26184 24.13692 47.201966046
3390 2 0.0 12.66957 25.47786 48.731768802
3391 2 0.0 14.0773 24.13692 47.201966046
3392 2 0.0 15.48503 25.47786 48.731768802
3393 2 0.0 16.89276 24.13692 47.201966046
3394 2 0.0 18.30049 25.47786 48.731768802
3395 2 0.0 19.70822 24.13692 47.201966046
3396 2 0.0 21.11595 25.47786 48.731768802
3397 2 0.0 22.52368 24.13692 47.201966046
3398 2 0.0 23.93141 25.47786 48.731768802
3399 2 0.0 25.33914 24.13692 47.201966046
3400 2 0.0 26.74687 25.47786 48.731768802
3401 2 0.0 0.0 0.0 50.262147972
3402 2 0.0 1.40773 1.34094 51.791950728
3403 2 0.0 2.81546 0.0 50.262147972
3404 2 0.0 4.22319 1.34094 51.791950728
3405 2 0.0 5.63092 0.0 50.262147972
3406 2 0.0 7.03865 1.34094 51.791950728
3407 2 0.0 8.44638 0.0 50.262147972
3408 2 0.0 9.85411 1.34094 51.791950728
3409 2 0.0 11.26184 0.0 50.262147972
3410 2 0.0 12.66957 1.34094 51.791950728
3411 2 0.0 14.0773 0.0 50.262147972
3412 2 0.0 15.48503 1.34094 51.791950728
3413 2 0.0 16.89276 0.0 50.262147972
3414 2 0.0 18.30049 1.34094 51.791950728
3415 2 0.0 19.70822 0.0 50.262147972
3416 2 0.0 21.11595 1.34094 51.791950728
3417 2 0.0 22.52368 0.0 50.262147972
3418 2 0.0 23.93141 1.34094 51.791950728
3419 2 0.0 25.33914 0.0 50.262147972
3420 2 0.0 26.74687 1.34094 51.791950728
3421 2 0.0 0.0 2.68188 50.262147972
3422 2 0.0 1.40773 4.02282 51.791950728
3423 2 0.0 2.81546 2.68188 50.262147972
3424 2 0.0 4.22319 4.02282 51.791950728
3425 2 0.0 5.63092 2.68188 50.262147972
3426 2 0.0 7.03865 4.02282 51.791950728
3427 2 0.0 8.44638 2.68188 50.262147972
3428 2 0.0 9.85411 4.02282 51.791950728
3429 2 0.0 11.26184 2.68188 50.262147972
3430 2 0.0 12.66957 4.02282 51.791950728
3431 2 0.0 14.0773 2.68188 50.262147972
3432 2 0.0 15.48503 4.02282 51.791950728
3433 2 0.0 16.89276 2.68188 50.262147972
3434 2 0.0 18.30049 4.02282 51.791950728
3435 2 0.0 19.70822 2.68188 50.262147972
3436 2 0.0 21.11595 4.02282 51.791950728
3437 2 0.0 22.52368 2.68188 50.262147972
3438 2 0.0 23.93141 4.02282 51.791950728
3439 2 0.0 25.33914 2.68188 50.262147972
3440 2 0.0 26.74687 4.02282 51.791950728
3441 2 0.0 0.0 5.36376 50.262147972
3442 2 0.0 1.40773 6.7047 51.791950728
3443 2 0.0 2.81546 5.36376 50.262147972
3444 2 0.0 4.22319 6.7047 51.791950728
3445 2 0.0 5.63092 5.36376 50.262147972
3446 2 0.0 7.03865 6.7047 51.791950728
3447 2 0.0 8.44638 5.36376 50.262147972
3448 2 0.0 9.85411 6.7047 51.791950728
3449 2 0.0 11.26184 5.36376 50.262147972
3450 2 0.0 12.66957 6.7047 51.791950728
3451 2 0.0 14.0773 5.36376 50.262147972
3452 2 0.0 15.48503 6.7047 51.791950728
3453 2 0.0 16.89276 5.36376 50.262147972
3454 2 0.0 18.30049 6.7047 51.791950728
3455 2 0.0 19.70822 5.36376 50.262147972
3456 2 0.0 21.11595 6.7047 51.791950728
3457 2 0.0 22.52368 5.36376 50.262147972
3458 2 0.0 23.93141 6.7047 51.791950728
3459 2 0.0 25.33914 5.36376 50.262147972
3460 2 0.0 26.74687 6.7047 51.791950728
3461 2 0.0 0.0 8.04564 50.262147972
3462 2 0.0 1.40773 9.38658 51.791950728
3463 2 0.0 2.81546 8.04564 50.262147972
3464 2 0.0 4.22319 9.38658 51.791950728
3465 2 0.0 5.63092 8.04564 50.262147972
3466 2 0.0 7.03865 9.38658 51.791950728
3467 2 0.0 8.44638 8.04564 50.262147972
3468 2 0.0 9.85411 9.38658 51.791950728
3469 2 0.0 11.26184 8.04564 50.262147972
3470 2 0.0 12.66957 9.38658 51.791950728
3471 2 0.0 14.0773 8.04564 50.262147972
3472 2 0.0 15.48503 9.38658 51.791950728
3473 2 0.0 16.89276 8.04564 50.262147972
3474 2 0.0 18.30049 9.38658 51.791950728
3475 2 0.0 19.70822 8.04564 50.262147972
3476 2 0.0 21.11595 9.38658 51.791950728
3477 2 0.0 22.52368 8.04564 50.262147972
3478 2 0.0 23.93141 9.38658 51.791950728
3479 2 0.0 25.33914 8.04564 50.262147972
3480 2 0.0 26.74687 9.38658 51.791950728
3481 2 0.0 0.0 10.72752 50.262147972
3482 2 0.0 1.40773 12.06846 51.791950728
3483 2 0.0 2.81546 10.72752 50.262147972
3484 2 0.0 4.22319 12.06846 51.791950728
3485 2 0.0 5.63092 10.72752 50.262147972
3486 2 0.0 7.03865 12.06846 51.791950728
3487 2 0.0 8.44638 10.72752 50.262147972
3488 2 0.0 9.85411 12.06846 51.791950728
3489 2 0.0 11.26184 10.72752 50.262147972
3490 2 0.0 12.66957 12.06846 51.791950728
3491 2 0.0 14.0773 10.72752 50.262147972
3492 2 0.0 15.48503 12.06846 51.791950728
3493 2 0.0 16.89276 10.72752 50.262147972
3494 2 0.0 18.30049 12.06846 51.791950728
3495 2 0.0 19.70822 10.72752 50.262147972
3496 2 0.0 21.11595 12.06846 51.791950728
3497 2 0.0 22.52368 10.72752 50.262147972
3498 2 0.0 23.93141 12.06846 51.791950728
3499 2 0.0 25.33914 10.72752 50.262147972
3500 2 0.0 26.74687 12.06846 51.791950728
3501 2 0.0 0.0 13.4094 50.262147972
3502 2 0.0 1.40773 14.75034 51.791950728
3503 2 0.0 2.81546 13.4094 50.262147972
3504 2 0.0 4.22319 14.75034 51.791950728
3505 2 0.0 5.63092 13.4094 50.262147972
3506 2 0.0 7.03865 14.75034 51.791950728
3507 2 0.0 8.44638 13.4094 50.262147972
3508 2 0.0 9.85411 14.75034 51.791950728
3509 2 0.0 11.26184 13.4094 50.262147972
3510 2 0.0 12.66957 14.75034 51.791950728
3511 2 0.0 14.0773 13.4094 50.262147972
3512 2 0.0 15.48503 14.75034 51.791950728
3513 2 0.0 16.89276 13.4094 50.262147972
3514 2 0.0 18.30049 14.75034 51.791950728
3515 2 0.0 19.70822 13.4094 50.262147972
3516 2 0.0 21.11595 14.75034 51.791950728
3517 2 0.0 22.52368 13.4094 50.262147972
3518 2 0.0 23.93141 14.75034 51.791950728
3519 2 0.0 25.33914 13.4094 50.262147972
3520 2 0.0 26.74687 14.75034 51.791950728
3521 2 0.0 0.0 16.09128 50.262147972
3522 2 0.0 1.40773 17.43222 51.791950728
3523 2 0.0 2.81546 16.09128 50.262147972
3524 2 0.0 4.22319 17.43222 51.791950728
3525 2 0.0 5.63092 16.09128 50.262147972
3526 2 0.0 7.03865 17.43222 51.791950728
3527 2 0.0 8.44638 16.09128 50.262147972
3528 2 0.0 9.85411 17.43222 51.791950728
3529 2 0.0 11.26184 16.09128 50.262147972
3530 2 0.0 12.66957 17.43222 51.791950728
3531 2 0.0 14.0773 16.09128 50.262147972
3532 2 0.0 15.48503 17.43222 51.791950728
3533 2 0.0 16.89276 16.09128 50.262147972
3534 2 0.0 18.30049 17.43222 51.791950728
3535 2 0.0 19.70822 16.09128 50.262147972
3536 2 0.0 21.11595 17.43222 51.791950728
3537 2 0.0 22.52368 16.09128 50.262147972
3538 2 0.0 23.93141 17.43222 51.791950728
3539 2 0.0 25.33914 16.09128 50.262147972
3540 2 0.0 26.74687 17.43222 51.791950728
3541 2 0.0 0.0 18.77316 50.262147972
3542 2 0.0 1.40773 20.1141 51.791950728
3543 2 0.0 2.81546 18.77316 50.262147972
3544 2 0.0 4.22319 20.1141 51.791950728
3545 2 0.0 5.63092 18.77316 50.262147972
3546 2 0.0 7.03865 20.1141 51.791950728
3547 2 0.0 8.44638 18.77316 50.262147972
3548 2 0.0 9.85411 20.1141 51.791950728
3549 2 0.0 11.26184 18.77316 50.262147972
3550 2 0.0 12.66957 20.1141 51.791950728
3551 2 0.0 14.0773 18.77316 50.262147972
3552 2 0.0 15.48503 20.1141 51.791950728
3553 2 0.0 16.89276 18.77316 50.262147972
3554 2 0.0 18.30049 20.1141 51.791950728
3555 2 0.0 19.70822 18.77316 50.262147972
3556 2 0.0 21.11595 20.1141 51.791950728
3557 2 0.0 22.52368 18.77316 50.262147972
3558 2 0.0 23.93141 20.1141 51.791950728
3559 2 0.0 25.33914 18.77316 50.262147972
3560 2 0.0 26.74687 20.1141 51.791950728
3561 2 0.0 0.0 21.45504 50.262147972
3562 2 0.0 1.40773 22.79598 51.791950728
3563 2 0.0 2.81546 21.45504 50.262147972
3564 2 0.0 4.22319 22.79598 51.791950728
3565 2 0.0 5.63092 21.45504 50.262147972
3566 2 0.0 7.03865 22.79598 51.791950728
3567 2 0.0 8.44638 21.45504 50.262147972
3568 2 0.0 9.85411 22.79598 51.791950728
3569 2 0.0 11.26184 21.45504 50.262147972
3570 2 0.0 12.66957 22.79598 51.791950728
3571 2 0.0 14.0773 21.45504 50.262147972
3572 2 0.0 15.48503 22.79598 51.791950728
3573 2 0.0 16.89276 21.45504 50.262147972
3574 2 0.0 18.30049 22.79598 51.791950728
3575 2 0.0 19.70822 21.45504 50.262147972
3576 2 0.0 21.11595 22.79598 51.791950728
3577 2 0.0 22.52368 21.45504 50.262147972
3578 2 0.0 23.93141 22.79598 51.791950728
3579 2 0.0 25.33914 21.45504 50.262147972
3580 2 0.0 26.74687 22.79598 51.791950728
3581 2 0.0 0.0 24.13692 50.262147972
3582 2 0.0 1.40773 25.47786 51.791950728
3583 2 0.0 2.81546 24.13692 50.262147972
3584 2 0.0 4.22319 25.47786 51.791950728
3585 2 0.0 5.63092 24.13692 50.262147972
3586 2 0.0 7.03865 25.47786 51.791950728
3587 2 0.0 8.44638 24.13692 50.262147972
3588 2 0.0 9.85411 25.47786 51.791950728
3589 2 0.0 11.26184 24.13692 50.262147972
3590 2 0.0 12.66957 25.47786 51.791950728
3591 2 0.0 14.0773 24.13692 50.262147972
3592 2 0.0 15.48503 25.47786 51.791950728
3593 2 0.0 16.89276 24.13692 50.262147972
3594 2 0.0 18.30049 25.47786 51.791950728
3595 2 0.0 19.70822 24.13692 50.262147972
3596 2 0.0 21.11595 25.47786 51.791950728
3597 2 0.0 22.52368 24.13692 50.262147972
3598 2 0.0 23.93141 25.47786 51.791950728
3599 2 0.0 25.33914 24.13692 50.262147972
3600 2 0.0 26.74687 25.47786 51.791950728
3601 2 0.0 0.0 0.0 53.321753484
3602 2 0.0 1.40773 1.34094 54.85155624
3603 2 0.0 2.81546 0.0 53.321753484
3604 2 0.0 4.22319 1.34094 54.85155624
3605 2 0.0 5.63092 0.0 53.321753484
3606 2 0.0 7.03865 1.34094 54.85155624
3607 2 0.0 8.44638 0.0 53.321753484
3608 2 0.0 9.85411 1.34094 54.85155624
3609 2 0.0 11.26184 0.0 53.321753484
3610 2 0.0 12.66957 1.34094 54.85155624
3611 2 0.0 14.0773 0.0 53.321753484
3612 2 0.0 15.48503 1.34094 54.85155624
3613 2 0.0 16.89276 0.0 53.321753484
3614 2 0.0 18.30049 1.34094 54.85155624
3615 2 0.0 19.70822 0.0 53.321753484
3616 2 0.0 21.11595 1.34094 54.85155624
3617 2 0.0 22.52368 0.0 53.321753484
3618 2 0.0 23.93141 1.34094 54.85155624
3619 2 0.0 25.33914 0.0 53.321753484
3620 2 0.0 26.74687 1.34094 54.85155624
3621 2 0.0 0.0 2.68188 53.321753484
3622 2 0.0 1.40773 4.02282 54.85155624
3623 2 0.0 2.81546 2.68188 53.321753484
3624 2 0.0 4.22319 4.02282 54.85155624
3625 2 0.0 5.63092 2.68188 53.321753484
3626 2 0.0 7.03865 4.02282 54.85155624
3627 2 0.0 8.44638 2.68188 53.321753484
3628 2 0.0 9.85411 4.02282 54.85155624
3629 2 0.0 11.26184 2.68188 53.321753484
3630 2 0.0 12.66957 4.02282 54.85155624
3631 2 0.0 14.0773 2.68188 53.321753484
3632 2 0.0 15.48503 4.02282 54.85155624
3633 2 0.0 16.89276 2.68188 53.321753484
3634 2 0.0 18.30049 4.02282 54.85155624
3635 2 0.0 19.70822 2.68188 53.321753484
3636 2 0.0 21.11595 4.02282 54.85155624
3637 2 0.0 22.52368 2.68188 53.321753484
3638 2 0.0 23.93141 4.02282 54.85155624
3639 2 0.0 25.33914 2.68188 53.321753484
3640 2 0.0 26.74687 4.02282 54.85155624
3641 2 0.0 0.0 5.36376 53.321753484
3642 2 0.0 1.40773 6.7047 54.85155624
3643 2 0.0 2.81546 5.36376 53.321753484
3644 2 0.0 4.22319 6.7047 54.85155624
3645 2 0.0 5.63092 5.36376 53.321753484
3646 2 0.0 7.03865 6.7047 54.85155624
3647 2 0.0 8.44638 5.36376 53.321753484
3648 2 0.0 9.85411 6.7047 54.85155624
3649 2 0.0 11.26184 5.36376 53.321753484
3650 2 0.0 12.66957 6.7047 54.85155624
3651 2 0.0 14.0773 5.36376 53.321753484
3652 2 0.0 15.48503 6.7047 54.85155624
3653 2 0.0 16.89276 5.36376 53.321753484
3654 2 0.0 18.30049 6.7047 54.85155624
3655 2 0.0 19.70822 5.36376 53.321753484
3656 2 0.0 21.11595 6.7047 54.85155624
3657 2 0.0 22.52368 5.36376 53.321753484
3658 2 0.0 23.93141 6.7047 54.85155624
3659 2 0.0 25.33914 5.36376 53.321753484
3660 2 0.0 26.74687 6.7047 54.85155624
3661 2 0.0 0.0 8.04564 53.321753484
3662 2 0.0 1.40773 9.38658 54.85155624
3663 2 0.0 2.81546 8.04564 53.321753484
3664 2 0.0 4.22319 9.38658 54.85155624
3665 2 0.0 5.63092 8.04564 53.321753484
3666 2 0.0 7.03865 9.38658 54.85155624
3667 2 0.0 8.44638 8.04564 53.321753484
3668 2 0.0 9.85411 9.38658 54.85155624
3669 2 0.0 11.26184 8.04564 53.321753484
3670 2 0.0 12.66957 9.38658 54.85155624
3671 2 0.0 14.0773 8.04564 53.321753484
3672 2 0.0 15.48503 9.38658 54.85155624
3673 2 0.0 16.89276 8.04564 53.321753484
3674 2 0.0 18.30049 9.38658 54.85155624
3675 2 0.0 19.70822 8.04564 53.321753484
3676 2 0.0 21.11595 9.38658 54.85155624
3677 2 0.0 22.52368 8.04564 53.321753484
3678 2 0.0 23.93141 9.38658 54.85155624
3679 2 0.0 25.33914 8.04564 53.321753484
3680 2 0.0 26.74687 9.38658 54.85155624
3681 2 0.0 0.0 10.72752 53.321753484
3682 2 0.0 1.40773 12.06846 54.85155624
3683 2 0.0 2.81546 10.72752 53.321753484
3684 2 0.0 4.22319 12.06846 54.85155624
3685 2 0.0 5.63092 10.72752 53.321753484
3686 2 0.0 7.03865 12.06846 54.85155624
3687 2 0.0 8.44638 10.72752 53.321753484
3688 2 0.0 9.85411 12.06846 54.85155624
3689 2 0.0 11.26184 10.72752 53.321753484
3690 2 0.0 12.66957 12.06846 54.85155624
3691 2 0.0 14.0773 10.72752 53.321753484
3692 2 0.0 15.48503 12.06846 54.85155624
3693 2 0.0 16.89276 10.72752 53.321753484
3694 2 0.0 18.30049 12.06846 54.85155624
3695 2 0.0 19.70822 10.72752 53.321753484
3696 2 0.0 21.11595 12.06846 54.85155624
3697 2 0.0 22.52368 10.72752 53.321753484
3698 2 0.0 23.93141 12.06846 54.85155624
3699 2 0.0 25.33914 10.72752 53.321753484
3700 2 0.0 26.74687 12.06846 54.85155624
3701 2 0.0 0.0 13.4094 53.321753484
3702 2 0.0 1.40773 14.75034 54.85155624
3703 2 0.0 2.81546 13.4094 53.321753484
3704 2 0.0 4.22319 14.75034 54.85155624
3705 2 0.0 5.63092 13.4094 53.321753484
3706 2 0.0 7.03865 14.75034 54.85155624
3707 2 0.0 8.44638 13.4094 53.321753484
3708 2 0.0 9.85411 14.75034 54.85155624
3709 2 0.0 11.26184 13.4094 53.321753484
3710 2 0.0 12.66957 14.75034 54.85155624
3711 2 0.0 14.0773 13.4094 53.321753484
3712 2 0.0 15.48503 14.75034 54.85155624
3713 2 0.0 16.89276 13.4094 53.321753484
3714 2 0.0 18.30049 14.75034 54.85155624
3715 2 0.0 19.70822 13.4094 53.321753484
3716 2 0.0 21.11595 14.75034 54.85155624
3717 2 0.0 22.52368 13.4094 53.321753484
3718 2 0.0 23.93141 14.75034 54.85155624
3719 2 0.0 25.33914 13.4094 53.321753484
3720 2 0.0 26.74687 14.75034 54.85155624
3721 2 0.0 0.0 16.09128 53.321753484
3722 2 0.0 1.40773 17.43222 54.85155624
3723 2 0.0 2.81546 16.09128 53.321753484
3724 2 0.0 4.22319 17.43222 54.85155624
3725 2 0.0 5.63092 16.09128 53.321753484
3726 2 0.0 7.03865 17.43222 54.85155624
3727 2 0.0 8.44638 16.09128 53.321753484
3728 2 0.0 9.85411 17.43222 54.85155624
3729 2 0.0 11.26184 16.09128 53.321753484
3730 2 0.0 12.66957 17.43222 54.85155624
3731 2 0.0 14.0773 16.09128 53.321753484
3732 2 0.0 15.48503 17.43222 54.85155624
3733 2 0.0 16.89276 16.09128 53.321753484
3734 2 0.0 18.30049 17.43222 54.85155624
3735 2 0.0 19.70822 16.09128 53.321753484
3736 2 0.0 21.11595 17.43222 54.85155624
3737 2 0.0 22.52368 16.09128 53.321753484
3738 2 0.0 23.93141 17.43222 54.85155624
3739 2 0.0 25.33914 16.09128 53.321753484
3740 2 0.0 26.74687 17.43222 54.85155624
3741 2 0.0 0.0 18.77316 53.321753484
3742 2 0.0 1.40773 20.1141 54.85155624
3743 2 0.0 2.81546 18.77316 53.321753484
3744 2 0.0 4.22319 20.1141 54.85155624
3745 2 0.0 5.63092 18.77316 53.321753484
3746 2 0.0 7.03865 20.1141 54.85155624
3747 2 0.0 8.44638 18.77316 53.321753484
3748 2 0.0 9.85411 20.1141 54.85155624
3749 2 0.0 11.26184 18.77316 53.321753484
3750 2 0.0 12.66957 20.1141 54.85155624
3751 2 0.0 14.0773 18.77316 53.321753484
3752 2 0.0 15.48503 20.1141 54.85155624
3753 2 0.0 16.89276 18.77316 53.321753484
3754 2 0.0 18.30049 20.1141 54.85155624
3755 2 0.0 19.70822 18.77316 53.321753484
3756 2 0.0 21.11595 20.1141 54.85155624
3757 2 0.0 22.52368 18.77316 53.321753484
3758 2 0.0 23.93141 20.1141 54.85155624
3759 2 0.0 25.33914 18.77316 53.321753484
3760 2 0.0 26.74687 20.1141 54.85155624
3761 2 0.0 0.0 21.45504 53.321753484
3762 2 0.0 1.40773 22.79598 54.85155624
3763 2 0.0 2.81546 21.45504 53.321753484
3764 2 0.0 4.22319 22.79598 54.85155624
3765 2 0.0 5.63092 21.45504 53.321753484
3766 2 0.0 7.03865 22.79598 54.85155624
3767 2 0.0 8.44638 21.45504 53.321753484
3768 2 0.0 9.85411 22.79598 54.85155624
3769 2 0.0 11.26184 21.45504 53.321753484
3770 2 0.0 12.66957 22.79598 54.85155624
3771 2 0.0 14.0773 21.45504 53.321753484
3772 2 0.0 15.48503 22.79598 54.85155624
3773 2 0.0 16.89276 21.45504 53.321753484
3774 2 0.0 18.30049 22.79598 54.85155624
3775 2 0.0 19.70822 21.45504 53.321753484
3776 2 0.0 21.11595 22.79598 54.85155624
3777 2 0.0 22.52368 21.45504 53.321753484
3778 2 0.0 23.93141 22.79598 54.85155624
3779 2 0.0 25.33914 21.45504 53.321753484
3780 2 0.0 26.74687 22.79598 54.85155624
3781 2 0.0 0.0 24.13692 53.321753484
3782 2 0.0 1.40773 25.47786 54.85155624
3783 2 0.0 2.81546 24.13692 53.321753484
3784 2 0.0 4.22319 25.47786 54.85155624
3785 2 0.0 5.63092 24.13692 53.321753484
3786 2 0.0 7.03865 25.47786 54.85155624
3787 2 0.0 8.44638 24.13692 53.321753484
3788 2 0.0 9.85411 25.47786 54.85155624
3789 2 0.0 11.26184 24.13692 53.321753484
3790 2 0.0 12.66957 25.47786 54.85155624
3791 2 0.0 14.0773 24.13692 53.321753484
3792 2 0.0 15.48503 25.47786 54.85155624
3793 2 0.0 16.89276 24.13692 53.321753484
3794 2 0.0 18.30049 25.47786 54.85155624
3795 2 0.0 19.70822 24.13692 53.321753484
3796 2 0.0 21.11595 25.47786 54.85155624
3797 2 0.0 22.52368 24.13692 53.321753484
3798 2 0.0 23.93141 25.47786 54.85155624
3799 2 0.0 25.33914 24.13692 53.321753484
3800 2 0.0 26.74687 25.47786 54.85155624